App Software v2018_38-8-g44e8-dirty

App_time;Step_number;Insole_timer;Contact_time;ESW_timer;S0_force;S0_start_time;S0_max_time;S0_end_time;S1_force;S1_start_time;S1_max_time;S1_end_time;S2_force;S2_start_time;S2_max_time;S2_end_time;S3_force;S3_start_time;S3_max_time;S3_end_time;S4_force;S4_start_time;S4_max_time;S4_end_time;S5_force;S5_start_time;S5_max_time;S5_end_time;S6_force;S6_start_time;S6_max_time;S6_end_time;F1_force;F1_time;F2_force;F2_time;F3_force;F3_time;Warning_code;Lifetime_steps;Day;Month;Year;Left/Right;Size;Insole_id;Battery;MAC
10:02:43.355;1;0;860;31080;152;0;100;760;120;10;200;770;184;0;180;820;59;10;220;750;110;70;580;860;63;340;630;810;290;130;660;860;1035;210;660;390;1040;640;0;2527;26;11;2018;L;42;3867;3020;F4:9B:0B:3F:1D:F9
10:02:44.500;2;1200;800;32280;194;0;150;700;150;0;160;700;216;0;150;700;45;10;170;680;80;50;510;790;65;310;570;740;306;50;600;800;1155;160;613;340;950;570;0;2528;26;11;2018;L;42;3867;3020;F4:9B:0B:3F:1D:F9
10:02:45.569;3;2310;750;33390;178;0;150;690;156;0;170;690;204;0;150;730;64;0;190;720;93;100;620;750;70;320;550;730;290;60;590;750;1170;180;565;330;1055;570;0;2529;26;11;2018;L;42;3867;3020;F4:9B:0B:3F:1D:F9
10:02:47.015;4;3410;780;34490;208;0;80;740;160;0;170;680;218;0;140;740;52;0;130;670;90;40;520;770;72;350;560;720;326;60;590;780;1225;170;469;340;1030;560;0;2530;26;11;2018;L;42;3867;3020;F4:9B:0B:3F:1D:F9
10:02:47.790;5;4500;780;35580;198;0;90;730;154;0;160;690;220;0;120;740;62;0;170;680;130;50;530;780;54;340;550;720;278;70;580;780;1245;160;532;330;1040;550;0;2531;26;11;2018;L;42;3867;3020;F4:9B:0B:3F:1D:F9
10:02:48.905;6;5600;790;36680;182;10;90;690;146;0;160;690;210;0;120;740;55;0;120;670;55;360;540;790;62;290;550;720;320;80;590;790;1100;160;448;340;945;570;0;2532;26;11;2018;L;42;3867;3020;F4:9B:0B:3F:1D:F9
10:02:50.007;7;6700;800;37780;168;0;150;700;140;0;160;700;200;0;150;750;51;0;150;680;90;30;540;790;80;110;560;740;362;60;600;800;1180;170;598;350;1150;590;0;2533;26;11;2018;L;42;3867;3020;F4:9B:0B:3F:1D:F9
10:02:51.118;8;7820;790;38900;182;0;90;680;134;0;160;680;202;0;110;690;62;0;180;670;156;50;590;790;49;350;550;710;270;50;580;790;1165;170;511;340;1050;570;0;2534;26;11;2018;L;42;3867;3020;F4:9B:0B:3F:1D:F9
10:02:52.207;9;8900;790;39980;198;10;80;670;154;0;180;670;220;0;160;680;59;0;160;660;78;20;510;770;60;340;540;710;340;30;580;790;1290;180;547;340;1030;560;0;2535;26;11;2018;L;42;3867;3020;F4:9B:0B:3F:1D:F9
10:02:53.490;10;9980;770;100;188;10;80;670;146;0;150;670;218;0;130;680;59;0;150;660;87;20;590;760;64;310;540;710;316;50;580;770;1210;160;487;330;985;560;0;2536;26;11;2018;L;42;3867;3020;F4:9B:0B:3F:1D:F9
10:02:54.368;11;11060;790;1180;208;0;90;680;162;10;160;690;226;0;130;680;59;0;160;670;102;50;520;780;64;380;570;720;290;60;590;790;1255;160;565;330;1030;550;0;2537;26;11;2018;L;42;3867;3016;F4:9B:0B:3F:1D:F9
10:02:55.462;12;12150;790;2270;196;0;100;700;146;10;160;700;226;0;130;700;80;0;440;690;136;30;540;790;57;360;570;730;278;60;590;790;1280;160;640;330;1115;560;0;2538;26;11;2018;L;42;3867;3016;F4:9B:0B:3F:1D:F9
10:02:56.584;13;13260;810;3380;196;0;100;710;144;10;160;710;222;0;140;710;77;0;220;700;146;50;550;810;54;380;580;740;280;70;600;810;1225;170;650;360;1095;580;0;2539;26;11;2018;L;42;3867;3016;F4:9B:0B:3F:1D:F9
10:02:57.794;14;14390;780;4510;200;0;90;680;150;0;150;680;222;0;110;730;59;0;130;670;98;30;530;780;60;340;550;720;298;50;580;780;1210;150;526;340;1000;560;0;2540;26;11;2018;L;42;3867;3016;F4:9B:0B:3F:1D:F9
10:02:58.804;15;15470;810;5590;186;10;100;760;138;10;170;720;204;0;140;780;70;10;200;700;111;50;540;810;64;340;580;750;302;60;610;810;1180;180;631;340;1085;590;0;2541;26;11;2018;L;42;3867;3016;F4:9B:0B:3F:1D:F9
10:02:59.937;16;16610;800;6730;192;0;140;700;158;0;170;700;218;0;150;750;55;10;160;690;119;50;540;800;66;350;570;730;308;80;600;800;1195;160;598;350;1110;570;0;2542;26;11;2018;L;42;3867;3016;F4:9B:0B:3F:1D:F9
10:03:01.069;17;17730;800;7850;190;0;90;750;144;0;160;700;216;0;130;750;65;0;170;690;148;50;540;800;60;350;570;720;300;70;590;800;1200;170;568;340;1145;580;0;2543;26;11;2018;L;42;3867;3016;F4:9B:0B:3F:1D:F9
10:03:02.162;18;18850;770;8970;176;0;130;730;142;0;150;680;210;0;130;740;59;10;170;670;134;50;520;770;50;340;550;720;298;50;580;770;1190;150;499;330;1060;570;0;2544;26;11;2018;L;42;3867;3016;F4:9B:0B:3F:1D:F9
10:03:03.335;19;19960;840;10080;170;0;90;780;136;0;180;780;194;0;150;790;62;0;310;780;162;50;590;840;44;400;600;760;280;60;630;840;1110;190;604;370;1070;620;0;2545;26;11;2018;L;42;3867;3016;F4:9B:0B:3F:1D:F9
10:03:04.413;20;21110;760;11230;188;10;100;760;134;10;170;720;212;0;150;760;87;10;220;720;148;60;640;760;65;370;600;750;280;70;610;760;1200;180;715;360;1160;590;0;2546;26;11;2018;L;42;3867;3016;F4:9B:0B:3F:1D:F9
10:03:05.559;21;22240;780;12360;196;0;100;760;152;10;180;680;218;0;150;680;54;0;140;660;70;310;520;740;69;360;560;720;332;70;590;780;1145;180;547;350;1045;560;0;2547;26;11;2018;L;42;3867;3016;F4:9B:0B:3F:1D:F9
10:03:06.660;22;23340;780;13460;202;0;90;690;150;0;140;690;234;0;130;740;87;0;180;680;124;40;530;780;71;330;560;720;310;50;580;780;1340;160;592;320;1145;560;0;2548;26;11;2018;L;42;3867;3016;F4:9B:0B:3F:1D:F9
10:03:07.765;23;24440;790;14560;200;0;90;680;140;10;150;680;216;0;130;690;62;0;190;670;115;50;520;770;58;350;560;720;314;70;580;790;1165;170;556;340;1065;570;0;2549;26;11;2018;L;42;3867;3016;F4:9B:0B:3F:1D:F9
10:03:09.002;24;25530;820;15650;190;0;100;720;150;10;180;720;222;0;160;720;77;0;470;700;128;60;560;820;60;390;590;750;288;70;610;820;1215;180;660;350;1095;580;0;2550;26;11;2018;L;42;3867;3016;F4:9B:0B:3F:1D:F9
10:03:10.025;25;26650;820;16770;182;0;110;720;140;0;170;720;218;0;150;770;71;10;180;710;122;50;560;820;57;360;580;750;294;70;610;820;1205;170;675;350;1095;580;0;2551;26;11;2018;L;42;3867;3016;F4:9B:0B:3F:1D:F9
10:03:11.534;26;27770;780;17890;180;10;100;730;138;10;190;730;206;0;170;740;90;10;480;720;150;50;590;780;57;380;600;760;274;70;620;780;1105;190;705;370;1110;600;0;2552;26;11;2018;L;42;3867;3016;F4:9B:0B:3F:1D:F9
10:03:12.293;27;28920;810;19040;180;10;110;770;140;10;180;730;218;0;160;730;62;0;170;710;134;60;560;810;62;370;590;760;304;100;620;810;1180;180;625;360;1130;590;0;2553;26;11;2018;L;42;3867;3016;F4:9B:0B:3F:1D:F9
10:03:13.449;28;30070;810;20190;184;0;100;750;138;10;180;760;214;0;160;760;70;10;200;760;106;60;540;810;66;370;580;740;324;90;610;810;1185;190;598;360;1090;580;0;2554;26;11;2018;L;42;3867;3016;F4:9B:0B:3F:1D:F9
10:03:14.536;29;31160;820;21280;200;0;120;720;146;10;190;720;218;10;140;780;62;20;200;710;122;80;570;820;62;380;590;760;312;100;620;820;1190;200;601;370;1105;610;0;2555;26;11;2018;L;42;3867;3016;F4:9B:0B:3F:1D:F9
10:03:15.660;30;32300;790;22420;188;0;160;760;152;0;180;760;218;0;150;690;55;10;140;670;69;50;530;740;72;360;570;730;354;60;590;790;1230;170;628;350;1040;570;0;2556;26;11;2018;L;42;3867;3016;F4:9B:0B:3F:1D:F9
10:03:16.775;31;33400;810;23520;188;0;150;770;150;10;170;750;216;0;150;790;55;10;170;680;115;50;540;810;53;360;560;730;320;80;600;810;1205;170;571;350;1090;580;0;2557;26;11;2018;L;42;3867;3016;F4:9B:0B:3F:1D:F9
10:03:17.899;32;34520;810;24640;194;0;90;780;148;0;160;770;220;0;140;780;55;0;160;690;116;50;540;810;68;350;570;740;326;70;600;810;1200;170;577;340;1120;580;0;2558;26;11;2018;L;42;3867;3016;F4:9B:0B:3F:1D:F9
10:03:19.024;33;35650;810;25770;192;0;170;780;154;0;180;780;218;0;160;780;52;10;130;780;79;50;540;740;73;360;570;740;366;80;600;810;1215;170;680;350;1105;590;0;2559;26;11;2018;L;42;3867;3016;F4:9B:0B:3F:1D:F9
10:03:20.253;34;36770;810;26890;182;0;100;770;136;0;160;700;216;0;150;770;67;10;170;690;146;50;550;810;52;370;570;730;316;70;590;810;1205;170;577;360;1150;580;0;2560;26;11;2018;L;42;3867;3016;F4:9B:0B:3F:1D:F9
10:03:21.265;35;37870;810;27990;182;10;100;770;142;10;180;710;218;0;150;760;67;0;160;690;146;60;570;810;62;350;570;730;306;70;600;810;1195;180;607;340;1170;570;0;2561;26;11;2018;L;42;3867;3016;F4:9B:0B:3F:1D:F9
10:03:22.357;36;38980;800;29100;194;0;160;750;154;0;170;750;224;0;150;750;60;0;140;670;116;40;540;800;76;350;560;720;338;60;580;800;1235;160;598;340;1175;570;0;2562;26;11;2018;L;42;3867;3016;F4:9B:0B:3F:1D:F9
10:03:23.433;37;40080;770;30200;186;0;100;720;154;0;150;670;218;0;120;680;58;0;120;660;122;50;520;770;56;340;540;710;318;60;580;770;1220;150;493;330;1090;560;0;2563;26;11;2018;L;42;3867;3016;F4:9B:0B:3F:1D:F9
10:03:24.571;38;41170;820;31290;198;0;100;820;148;0;160;820;228;0;130;790;71;0;170;700;142;40;530;820;63;330;570;730;312;60;600;820;1265;160;610;330;1185;570;0;2564;26;11;2018;L;42;3867;3016;F4:9B:0B:3F:1D:F9
10:03:25.618;39;42280;760;32400;194;0;160;760;144;0;170;720;226;0;160;760;99;0;460;730;168;40;640;760;51;430;590;750;268;60;610;760;1265;170;645;340;1185;600;0;2565;26;11;2018;L;42;3867;3016;F4:9B:0B:3F:1D:F9
10:03:26.793;40;43410;800;33530;186;0;150;780;144;0;170;700;222;0;150;760;63;0;140;690;138;50;550;800;72;350;570;730;322;100;600;800;1195;160;547;340;1155;580;0;2566;26;11;2018;L;42;3867;3016;F4:9B:0B:3F:1D:F9
10:03:27.818;41;44510;720;34630;212;0;100;720;154;0;160;690;236;0;130;720;77;0;430;680;156;50;550;720;61;340;560;710;290;70;580;720;1290;160;565;330;1185;560;0;2567;26;11;2018;L;42;3867;3016;F4:9B:0B:3F:1D:F9
10:03:28.972;42;45600;790;35720;210;0;90;740;140;0;150;680;224;0;110;740;71;0;180;670;148;50;550;790;55;340;550;710;314;100;580;790;1210;160;532;330;1145;570;0;2568;26;11;2018;L;42;3867;3012;F4:9B:0B:3F:1D:F9
10:03:30.052;43;46680;790;36800;212;10;100;760;158;10;170;760;238;0;120;750;64;10;130;670;64;90;500;790;71;340;550;720;344;60;580;790;1270;160;562;330;1025;550;0;2569;26;11;2018;L;42;3867;3012;F4:9B:0B:3F:1D:F9
10:03:31.925;44;47780;1450;37900;192;0;100;1450;164;0;150;1450;218;0;130;1450;59;0;160;1450;111;40;530;1450;61;330;540;1450;312;50;580;1450;1250;160;562;330;1110;560;0;2570;26;11;2018;L;42;3867;3012;F4:9B:0B:3F:1D:F9
10:03:33.376;45;50000;780;40120;190;0;90;760;158;0;160;760;218;0;140;760;60;0;160;750;97;40;510;730;66;340;550;720;320;60;580;780;1255;160;508;340;1055;550;0;2571;26;11;2018;L;42;3867;3012;F4:9B:0B:3F:1D:F9
10:03:34.499;46;51090;820;250;174;10;160;760;148;10;180;720;210;0;160;770;87;10;440;700;134;90;550;810;65;370;580;740;286;70;600;820;1170;170;640;350;1135;570;0;2572;26;11;2018;L;42;3867;3012;F4:9B:0B:3F:1D:F9
10:03:35.602;47;52210;800;1370;192;10;100;760;142;10;170;710;214;0;120;760;60;0;140;700;130;60;560;800;63;350;580;740;310;70;600;800;1165;170;571;340;1140;590;0;2573;26;11;2018;L;42;3867;3012;F4:9B:0B:3F:1D:F9
10:03:37.694;48;53330;1770;2490;178;0;100;1770;140;10;150;1770;202;0;110;1770;64;0;1770;1770;94;160;550;1770;73;110;560;1770;322;60;590;1770;1100;170;511;350;1090;580;0;2574;26;11;2018;L;42;3867;3012;F4:9B:0B:3F:1D:F9
10:03:38.957;49;55550;810;4710;188;0;160;740;154;0;170;740;220;0;160;750;56;0;150;740;104;90;550;810;64;350;570;720;312;80;600;810;1195;170;568;350;1050;580;0;2575;26;11;2018;L;42;3867;3012;F4:9B:0B:3F:1D:F9
10:03:40.071;50;56660;810;5820;196;0;100;770;156;0;180;760;222;0;160;770;57;10;180;760;103;60;540;800;68;370;580;740;326;70;610;810;1225;180;601;360;1095;590;0;2576;26;11;2018;L;42;3867;3012;F4:9B:0B:3F:1D:F9
10:03:41.159;51;57800;760;6960;188;0;90;760;144;0;160;760;216;0;140;760;79;0;440;710;152;70;550;760;57;360;580;740;278;90;610;760;1195;170;613;350;1080;580;0;2577;26;11;2018;L;42;3867;3012;F4:9B:0B:3F:1D:F9
10:03:42.287;52;58930;750;8090;188;10;110;750;142;10;160;720;216;0;130;750;99;0;440;710;178;50;590;750;50;360;580;740;246;70;600;750;1240;170;610;350;1130;580;0;2578;26;11;2018;L;42;3867;3012;F4:9B:0B:3F:1D:F9
10:03:43.472;53;60070;800;9230;194;0;160;750;150;0;170;700;220;0;150;750;66;0;140;680;127;50;540;800;68;370;570;730;302;60;590;800;1255;170;622;350;1110;550;0;2579;26;11;2018;L;42;3867;3012;F4:9B:0B:3F:1D:F9
10:03:44.699;54;61190;790;10350;184;0;110;750;146;0;150;690;216;0;130;750;54;10;150;670;123;50;530;790;57;350;560;720;304;60;590;790;1180;160;484;340;1030;570;0;2580;26;11;2018;L;42;3867;3012;F4:9B:0B:3F:1D:F9
10:03:45.727;55;62280;830;11440;184;10;180;790;154;0;180;790;216;0;170;800;50;0;150;790;82;30;590;830;70;370;600;760;354;60;620;830;1200;180;700;360;1110;610;0;2581;26;11;2018;L;42;3867;3012;F4:9B:0B:3F:1D:F9
10:03:46.876;56;63430;830;12590;182;0;170;720;148;0;180;720;210;0;160;730;53;0;140;710;79;340;580;820;71;350;590;760;342;70;620;830;1120;180;645;350;1085;610;0;2582;26;11;2018;L;42;3867;3012;F4:9B:0B:3F:1D:F9
10:03:48.006;57;64580;810;13740;184;0;140;780;144;0;170;710;206;0;150;770;49;10;170;700;109;230;580;810;56;350;580;740;302;90;610;810;1085;170;598;350;1055;600;0;2583;26;11;2018;L;42;3867;3012;F4:9B:0B:3F:1D:F9
10:03:49.162;58;65690;850;14850;190;10;180;740;152;10;190;740;218;0;180;790;62;10;410;730;123;60;600;840;67;370;600;770;316;110;630;850;1200;190;695;360;1190;610;0;2584;26;11;2018;L;42;3867;3016;F4:9B:0B:3F:1D:F9
10:03:50.288;59;66810;860;15970;176;30;210;820;142;30;210;760;214;0;200;820;60;30;190;740;79;80;580;800;74;400;630;790;344;90;650;860;1170;210;631;390;1045;620;0;2585;26;11;2018;L;42;3867;3016;F4:9B:0B:3F:1D:F9
10:03:51.401;60;67980;790;17140;180;0;90;740;130;10;110;730;208;0;100;740;56;0;120;660;98;50;510;790;81;90;540;710;324;60;580;790;1165;160;505;330;1080;560;0;2586;26;11;2018;L;42;3867;3016;F4:9B:0B:3F:1D:F9
10:03:52.470;61;69060;780;18220;194;0;90;740;156;10;160;740;232;0;110;740;56;0;110;660;57;30;490;710;70;330;550;720;346;50;590;780;1290;160;565;330;1005;560;0;2587;26;11;2018;L;42;3867;3016;F4:9B:0B:3F:1D:F9
10:03:53.737;62;70150;760;19310;198;10;80;730;154;10;90;640;218;10;80;730;65;0;100;630;123;30;500;760;83;60;510;670;330;40;540;760;1300;100;505;300;1130;530;0;2588;26;11;2018;L;42;3867;3016;F4:9B:0B:3F:1D:F9
10:03:54.844;63;71210;800;20370;188;0;90;750;140;0;160;710;214;0;130;720;61;0;160;700;136;50;630;800;65;340;570;740;310;80;600;800;1180;160;571;330;1135;580;0;2589;26;11;2018;L;42;3867;3016;F4:9B:0B:3F:1D:F9
10:03:56.115;64;72350;830;21510;180;0;130;770;134;0;160;720;214;0;140;770;61;10;140;700;100;50;550;820;62;370;580;750;338;60;610;830;1160;160;650;350;1065;590;0;2590;26;11;2018;L;42;3867;3012;F4:9B:0B:3F:1D:F9
10:03:56.941;65;73470;840;22630;170;0;160;800;136;10;180;790;210;0;150;800;55;10;150;720;106;50;550;840;57;380;590;770;344;70;630;840;1160;180;595;370;1065;600;0;2591;26;11;2018;L;42;3867;3012;F4:9B:0B:3F:1D:F9
10:03:58.316;66;74640;820;23800;176;0;100;780;130;0;170;720;218;0;150;780;68;0;160;700;113;50;540;820;65;350;580;750;338;60;610;820;1195;170;640;340;1110;590;0;2592;26;11;2018;L;42;3867;3012;F4:9B:0B:3F:1D:F9
10:03:59.383;67;75810;930;24970;172;0;160;740;130;0;170;750;206;0;150;740;53;10;140;740;72;80;540;790;69;380;610;800;358;60;630;930;1110;160;622;360;1055;600;0;2593;26;11;2018;L;42;3867;3008;F4:9B:0B:3F:1D:F9
10:04:00.518;68;77020;830;26180;158;0;100;760;106;0;120;710;194;0;130;710;89;10;200;690;123;40;530;800;47;360;590;750;356;60;620;830;1125;170;568;350;1090;600;0;2594;26;11;2018;L;42;3867;3008;F4:9B:0B:3F:1D:F9
10:04:01.623;69;78190;800;27350;196;0;120;790;146;0;140;740;216;0;140;740;103;0;420;750;238;50;640;800;28;640;750;750;200;70;610;800;1210;170;705;350;1100;610;0;2595;26;11;2018;L;42;3867;3012;F4:9B:0B:3F:1D:F9
10:04:02.845;70;79350;820;28510;188;0;170;700;142;0;180;710;216;0;170;710;63;10;170;700;130;30;550;800;55;370;580;740;318;40;600;820;1235;180;628;350;1120;590;0;2596;26;11;2018;L;42;3867;3008;F4:9B:0B:3F:1D:F9
10:04:03.979;71;80470;870;29630;166;0;170;760;136;0;180;760;200;0;170;760;78;0;230;750;122;60;570;860;61;400;620;790;306;80;650;870;1170;200;690;380;1140;620;0;2597;26;11;2018;L;42;3867;3008;F4:9B:0B:3F:1D:F9
10:04:05.097;72;81640;810;30800;208;0;90;700;160;0;170;700;218;0;150;710;59;0;180;690;120;30;550;800;55;350;570;740;308;50;600;810;1245;170;613;360;1080;590;0;2598;26;11;2018;L;42;3867;3008;F4:9B:0B:3F:1D:F9
10:04:06.216;73;82760;810;31920;190;0;170;710;156;0;180;710;218;0;170;760;60;0;180;700;104;50;540;810;66;370;580;750;324;50;600;810;1230;180;685;350;1110;580;0;2599;26;11;2018;L;42;3867;3008;F4:9B:0B:3F:1D:F9
10:04:07.477;74;83900;820;33060;194;0;100;710;144;0;160;710;214;0;120;710;54;10;120;700;103;40;540;810;62;360;570;750;326;50;610;820;1200;160;610;350;1045;590;0;2600;26;11;2018;L;42;3867;3008;F4:9B:0B:3F:1D:F9
10:04:08.698;75;85020;810;34180;190;0;160;710;158;0;170;710;222;0;160;710;52;10;150;700;89;30;530;790;67;360;580;750;340;50;610;810;1240;170;610;360;1075;590;0;2601;26;11;2018;L;42;3867;3008;F4:9B:0B:3F:1D:F9
10:04:09.595;76;86150;790;35310;180;0;100;690;150;0;140;690;210;0;120;690;56;0;150;680;119;30;510;790;78;90;550;730;304;60;580;790;1225;150;553;320;1110;550;0;2602;26;11;2018;L;42;3867;3008;F4:9B:0B:3F:1D:F9
10:04:10.716;77;87250;810;36410;182;10;90;700;150;10;180;710;216;0;160;710;50;10;170;690;85;50;540;750;68;350;570;750;352;70;610;810;1175;180;628;340;1070;590;0;2603;26;11;2018;L;42;3867;3004;F4:9B:0B:3F:1D:F9
10:04:11.836;78;88370;810;37530;188;0;140;710;144;0;160;710;218;0;140;720;64;0;450;700;127;40;530;810;67;340;580;740;318;50;600;810;1235;160;640;330;1155;590;0;2604;26;11;2018;L;42;3867;3004;F4:9B:0B:3F:1D:F9
10:04:12.944;79;89490;790;38650;196;0;90;680;134;0;150;680;222;0;100;690;68;0;120;670;112;50;530;790;65;330;550;720;336;60;580;790;1205;150;544;330;1105;560;0;2605;26;11;2018;L;42;3867;3004;F4:9B:0B:3F:1D:F9
10:04:14.085;80;90590;830;39750;192;10;80;780;140;0;170;720;210;0;150;780;59;0;170;710;136;30;550;830;61;350;580;760;318;50;610;830;1185;170;580;340;1155;600;0;2606;26;11;2018;L;42;3867;3004;F4:9B:0B:3F:1D:F9
10:04:15.431;81;91740;820;40900;188;0;130;800;144;10;170;710;222;0;140;720;62;0;130;700;87;90;550;770;68;360;580;750;352;80;610;820;1200;160;616;350;1075;590;0;2607;26;11;2018;L;42;3867;3004;F4:9B:0B:3F:1D:F9
10:04:16.601;82;92900;820;1100;178;0;170;780;138;0;170;710;220;0;160;780;61;10;160;700;121;50;560;820;68;370;580;750;308;70;610;820;1190;170;660;350;1045;580;0;2608;26;11;2018;L;42;3867;3004;F4:9B:0B:3F:1D:F9
10:04:17.522;83;94020;830;2220;194;10;180;720;162;0;190;730;230;0;180;730;65;0;430;710;120;40;560;820;66;390;600;760;318;60;620;830;1235;190;690;360;1115;590;0;2609;26;11;2018;L;42;3867;3008;F4:9B:0B:3F:1D:F9
10:04:18.632;84;95170;800;3370;196;0;90;710;136;0;150;710;222;0;110;770;68;0;170;690;104;40;540;780;60;350;560;740;334;60;610;800;1185;160;514;340;1085;590;0;2610;26;11;2018;L;42;3867;3004;F4:9B:0B:3F:1D:F9
10:04:19.989;85;96280;820;4480;188;0;90;750;146;10;170;710;210;0;150;720;58;10;190;700;130;40;540;820;57;360;580;750;296;70;610;820;1180;180;562;350;1075;590;0;2611;26;11;2018;L;42;3867;3004;F4:9B:0B:3F:1D:F9
10:04:20.886;86;97410;800;5610;186;10;170;770;156;0;180;710;220;0;170;770;47;0;140;690;73;50;530;740;76;350;570;740;380;50;610;800;1215;180;577;350;1170;600;0;2612;26;11;2018;L;42;3867;3004;F4:9B:0B:3F:1D:F9
10:04:22.235;87;98550;790;6750;232;0;160;770;178;0;170;700;238;0;150;760;49;0;120;670;62;340;510;740;82;350;570;740;362;50;590;790;1265;160;574;330;1105;560;0;2613;26;11;2018;L;42;3867;3004;F4:9B:0B:3F:1D:F9
10:04:23.147;88;99720;730;7920;222;0;100;720;172;0;110;680;232;0;110;690;79;0;200;680;166;60;590;730;48;330;540;720;276;60;570;730;1310;120;580;320;1135;560;0;2614;26;11;2018;L;42;3867;3004;F4:9B:0B:3F:1D:F9
10:04:24.329;89;100820;820;9020;190;0;90;780;142;0;150;760;212;0;130;780;66;0;190;700;126;30;560;820;59;360;570;750;336;60;610;820;1200;170;535;350;1150;600;0;2615;26;11;2018;L;42;3867;3004;F4:9B:0B:3F:1D:F9
10:04:25.447;90;101960;800;10160;202;0;110;760;154;0;140;750;224;0;120;760;57;0;120;700;108;40;540;800;65;340;560;740;310;50;590;800;1235;140;601;340;1055;570;0;2616;26;11;2018;L;42;3867;3004;F4:9B:0B:3F:1D:F9
10:04:26.531;91;103080;750;11280;208;0;110;740;146;10;130;700;224;0;120;700;84;0;220;700;214;90;610;750;41;350;560;720;262;100;590;750;1195;150;628;340;1195;590;0;2617;26;11;2018;L;42;3867;3004;F4:9B:0B:3F:1D:F9
10:04:27.706;92;104200;820;12400;198;0;100;750;142;0;150;740;214;0;120;750;72;0;180;700;154;80;630;820;57;350;560;740;320;50;600;820;1190;160;541;340;1175;600;0;2618;26;11;2018;L;42;3867;3004;F4:9B:0B:3F:1D:F9
10:04:28.786;93;105340;750;13540;200;10;110;750;140;10;130;710;220;0;120;750;68;20;190;700;146;50;570;750;49;350;570;740;290;50;600;750;1190;150;523;340;1045;580;0;2619;26;11;2018;L;42;3867;3004;F4:9B:0B:3F:1D:F9
10:04:30.100;94;106460;850;14660;180;0;100;740;148;10;190;740;212;0;180;740;61;10;190;730;111;40;580;850;65;390;610;780;298;60;640;850;1205;190;634;370;1045;610;0;2620;26;11;2018;L;42;3867;3004;F4:9B:0B:3F:1D:F9
10:04:31.157;95;107610;840;15810;176;0;100;790;148;0;170;730;206;0;140;740;56;10;180;720;92;50;570;830;63;360;590;770;314;70;630;840;1180;180;622;360;1010;590;0;2621;26;11;2018;L;42;3867;3004;F4:9B:0B:3F:1D:F9
10:04:32.234;96;108760;770;16960;190;0;90;770;134;10;150;770;214;0;120;770;70;0;190;720;146;60;580;770;54;360;580;760;288;60;620;770;1175;170;574;350;1110;600;0;2622;26;11;2018;L;42;3867;3004;F4:9B:0B:3F:1D:F9
10:04:33.452;97;109910;840;18110;178;0;160;780;146;0;180;740;214;0;150;780;73;10;460;730;124;60;560;840;46;430;590;760;278;70;620;840;1190;170;604;350;1055;560;0;2623;26;11;2018;L;42;3867;3004;F4:9B:0B:3F:1D:F9
10:04:34.802;98;111080;810;19280;170;0;110;770;140;0;160;760;200;0;120;760;55;10;120;760;105;50;550;810;61;340;560;730;270;60;590;810;1135;160;577;330;985;560;0;2624;26;11;2018;L;42;3867;3000;F4:9B:0B:3F:1D:F9
10:04:35.919;99;112190;820;20390;176;0;90;780;132;0;160;710;202;0;110;780;51;10;120;700;84;50;520;820;61;350;570;740;314;60;610;820;1100;170;508;340;995;590;0;2625;26;11;2018;L;42;3867;3000;F4:9B:0B:3F:1D:F9
10:04:36.839;100;113310;820;21510;188;0;90;760;142;0;160;710;210;0;110;770;56;0;130;700;87;50;540;820;60;350;570;740;310;60;610;820;1170;170;541;340;990;570;0;2626;26;11;2018;L;42;3867;3004;F4:9B:0B:3F:1D:F9
10:04:37.956;101;114430;810;22630;180;0;90;760;144;10;160;750;204;0;120;760;52;10;170;750;109;60;520;810;53;350;560;730;298;70;600;810;1165;170;493;340;990;580;0;2627;26;11;2018;L;42;3867;3004;F4:9B:0B:3F:1D:F9
10:04:39.078;102;115550;810;23750;182;0;100;740;136;0;130;700;210;0;110;750;71;0;180;700;164;50;570;810;39;350;550;720;244;60;590;810;1210;150;577;330;1075;570;0;2628;26;11;2018;L;42;3867;3004;F4:9B:0B:3F:1D:F9
10:04:40.187;103;116670;800;24870;172;0;90;760;140;0;160;760;204;0;110;760;70;0;130;760;80;40;520;800;65;350;560;730;318;50;600;800;1235;160;553;340;1030;570;0;2629;26;11;2018;L;42;3867;3000;F4:9B:0B:3F:1D:F9
10:04:41.328;104;117820;770;26020;188;0;90;700;140;0;110;660;214;0;100;720;59;0;110;650;113;40;510;750;74;80;520;690;304;40;560;770;1210;110;574;320;1080;550;0;2630;26;11;2018;L;42;3867;3000;F4:9B:0B:3F:1D:F9
10:04:42.637;105;118880;820;27080;162;0;100;790;138;0;170;710;208;0;140;780;64;0;140;700;102;50;540;820;62;350;570;740;318;60;610;820;1215;170;598;340;1075;580;0;2631;26;11;2018;L;42;3867;3000;F4:9B:0B:3F:1D:F9
10:04:43.559;106;120000;810;28200;192;10;90;790;140;10;160;790;218;0;110;790;59;10;140;690;99;30;520;740;66;340;560;740;344;60;600;810;1220;170;526;330;1120;590;0;2632;26;11;2018;L;42;3867;3000;F4:9B:0B:3F:1D:F9
10:04:44.863;107;121120;810;29320;186;10;100;770;150;10;170;770;220;0;140;780;49;20;150;770;78;60;510;810;69;340;570;740;346;80;600;810;1195;170;523;340;1035;580;0;2633;26;11;2018;L;42;3867;3000;F4:9B:0B:3F:1D:F9
10:04:45.767;108;122260;780;30460;178;0;100;780;127;0;150;780;206;0;120;780;55;10;140;670;120;50;530;760;79;110;550;730;344;60;590;780;1150;160;550;340;1155;580;0;2634;26;11;2018;L;42;3867;3000;F4:9B:0B:3F:1D:F9
10:04:46.914;109;123370;810;31570;182;10;190;710;154;10;190;710;218;0;180;710;54;10;150;700;81;60;530;760;76;370;590;760;336;80;620;810;1195;190;670;360;1135;580;0;2635;26;11;2018;L;42;3867;3000;F4:9B:0B:3F:1D:F9
10:04:48.046;110;124530;780;32730;198;10;80;760;136;0;110;770;224;0;100;770;56;10;140;770;95;40;500;720;73;90;540;720;328;50;590;780;1255;150;454;340;1020;580;0;2636;26;11;2018;L;42;3867;3000;F4:9B:0B:3F:1D:F9
10:04:49.147;111;125670;740;33870;85;20;70;710;82;20;70;690;138;10;70;710;60;10;50;620;84;0;460;670;92;20;490;660;411;10;540;740;1075;110;577;270;1190;520;0;2637;26;11;2018;L;42;3867;3000;F4:9B:0B:3F:1D:F9
10:04:50.247;112;126740;780;34940;148;10;80;740;121;0;100;730;182;0;90;740;55;0;150;720;83;40;490;710;98;50;540;710;334;40;580;780;1115;140;508;320;1140;570;0;2638;26;11;2018;L;42;3867;3000;F4:9B:0B:3F:1D:F9
10:04:51.402;113;127840;820;36040;186;0;90;820;142;10;140;790;210;0;100;790;57;0;160;760;118;50;540;820;48;330;560;730;300;60;600;820;1155;150;511;320;1035;590;0;2639;26;11;2018;L;42;3867;3000;F4:9B:0B:3F:1D:F9
10:04:52.613;114;128960;810;37160;186;10;80;790;128;0;160;790;212;0;90;790;64;0;150;790;105;50;560;810;55;340;560;740;304;60;600;810;1150;160;463;340;990;590;0;2640;26;11;2018;L;42;3867;3004;F4:9B:0B:3F:1D:F9
10:04:53.833;115;130080;800;38280;202;0;100;760;166;10;170;760;238;0;150;760;51;0;390;760;81;340;530;730;82;340;570;720;348;60;600;800;1225;170;577;330;1145;570;0;2641;26;11;2018;L;42;3867;3004;F4:9B:0B:3F:1D:F9
10:04:55.606;116;131190;1470;39390;220;10;100;1470;148;10;150;1470;236;0;110;1470;66;0;160;1470;115;60;540;1470;67;340;560;1470;346;70;590;1470;1250;160;520;340;1185;580;0;2642;26;11;2018;L;42;3867;3004;F4:9B:0B:3F:1D:F9
10:04:57.017;117;133460;810;700;182;0;110;770;125;0;160;710;212;0;130;780;63;10;180;700;130;50;550;810;70;350;580;740;346;100;610;810;1120;170;640;340;1200;590;0;2643;26;11;2018;L;42;3867;3004;F4:9B:0B:3F:1D:F9
10:04:58.197;118;134600;850;1840;182;10;170;800;144;10;190;740;222;0;160;800;58;20;160;720;115;60;570;850;72;370;610;770;342;70;630;850;1195;180;665;350;1130;610;0;2644;26;11;2018;L;42;3867;3000;F4:9B:0B:3F:1D:F9
10:04:59.343;119;135760;830;3000;192;0;150;730;144;10;170;730;224;0;150;740;57;10;150;720;111;50;560;830;70;360;590;770;340;60;630;830;1210;170;628;350;1125;600;0;2645;26;11;2018;L;42;3867;3000;F4:9B:0B:3F:1D:F9
10:05:00.471;120;136910;810;4150;188;0;100;750;140;0;160;710;218;0;140;720;68;0;180;700;136;40;550;810;66;350;570;740;334;60;600;810;1190;170;631;340;1205;590;0;2646;26;11;2018;L;42;3867;3000;F4:9B:0B:3F:1D:F9
10:05:01.597;121;138040;810;5280;202;0;90;720;142;0;180;710;226;0;120;720;65;0;140;700;106;50;560;800;77;350;590;750;346;100;610;810;1220;170;634;340;1160;600;0;2647;26;11;2018;L;42;3867;3004;F4:9B:0B:3F:1D:F9
10:05:02.747;122;139180;810;6420;212;0;90;700;148;0;160;710;226;0;130;710;70;0;180;690;79;30;530;760;75;360;590;750;372;60;610;810;1255;170;526;350;1155;590;0;2648;26;11;2018;L;42;3867;3004;F4:9B:0B:3F:1D:F9
10:05:03.884;123;140310;810;7550;200;0;90;710;156;10;180;700;228;0;160;710;62;0;450;690;123;40;550;810;73;360;580;740;318;60;610;810;1250;170;637;340;1140;580;0;2649;26;11;2018;L;42;3867;3004;F4:9B:0B:3F:1D:F9
10:05:05.087;124;141430;790;8670;212;0;90;690;144;0;160;690;226;0;100;700;67;0;130;670;101;40;540;780;71;340;570;730;352;50;590;790;1250;160;574;340;1165;580;0;2650;26;11;2018;L;42;3867;3004;F4:9B:0B:3F:1D:F9
10:05:06.079;125;142520;800;9760;206;0;90;690;140;0;170;690;220;0;110;700;65;0;160;680;127;30;540;790;76;340;570;730;342;110;590;800;1185;170;634;330;1265;570;0;2651;26;11;2018;L;42;3867;3004;F4:9B:0B:3F:1D:F9
10:05:07.384;126;143610;800;10850;208;0;90;760;142;10;160;700;230;0;110;760;69;0;150;690;126;30;540;800;70;350;570;730;336;50;600;800;1245;160;583;340;1155;580;0;2652;26;11;2018;L;42;3867;3004;F4:9B:0B:3F:1D:F9
10:05:08.250;127;144700;780;11940;222;0;90;680;152;0;160;690;238;0;110;730;65;0;140;670;140;30;530;780;54;400;550;710;328;50;580;780;1275;150;571;320;1195;550;0;2653;26;11;2018;L;42;3867;3004;F4:9B:0B:3F:1D:F9
10:05:09.311;128;145780;760;13020;222;0;90;680;150;0;110;740;240;0;100;690;65;0;120;690;87;50;480;760;76;310;520;730;356;50;550;760;1260;110;556;310;1140;530;0;2654;26;11;2018;L;42;3867;3004;F4:9B:0B:3F:1D:F9
10:05:10.399;129;146820;810;14060;210;10;80;810;150;10;160;750;222;0;100;770;63;10;170;680;114;30;530;810;65;340;550;730;330;60;590;810;1240;170;466;330;1090;570;0;2655;26;11;2018;L;42;3867;3004;F4:9B:0B:3F:1D:F9
10:05:11.480;130;147910;800;15150;200;10;170;770;164;0;170;700;236;0;160;700;56;0;140;680;72;30;530;740;85;360;580;740;356;60;610;800;1280;170;553;350;1105;570;0;2656;26;11;2018;L;42;3867;3004;F4:9B:0B:3F:1D:F9
10:05:12.634;131;149040;820;16280;164;10;170;770;148;0;170;720;208;0;170;770;52;10;190;700;91;50;540;790;79;360;590;760;374;60;620;820;1140;180;595;350;1175;590;0;2657;26;11;2018;L;42;3867;3004;F4:9B:0B:3F:1D:F9
10:05:13.756;132;150180;810;17420;176;0;160;760;146;10;170;760;208;0;160;760;34;20;130;750;26;380;520;740;100;130;570;740;390;60;610;810;1105;180;595;360;1070;600;0;2658;26;11;2018;L;42;3867;3004;F4:9B:0B:3F:1D:F9
10:05:14.882;133;151330;780;18570;202;0;100;760;146;0;120;750;228;0;110;750;48;10;120;750;82;30;490;710;91;110;550;720;350;40;590;780;1230;130;598;330;1095;570;0;2659;26;11;2018;L;42;3867;3004;F4:9B:0B:3F:1D:F9
10:05:16.199;134;152430;890;19670;170;0;180;790;144;10;180;800;204;0;180;790;57;10;180;760;76;380;620;870;87;380;670;860;354;40;680;890;1090;180;700;370;1175;660;0;2660;26;11;2018;L;42;3867;3004;F4:9B:0B:3F:1D:F9
10:05:17.258;135;153630;840;20870;200;0;170;750;168;0;180;750;228;0;170;750;50;0;490;730;98;40;570;820;83;380;630;800;280;270;640;840;1170;180;670;370;1040;610;0;2661;26;11;2018;L;42;3867;3004;F4:9B:0B:3F:1D:F9
10:05:18.456;136;154810;850;22050;198;0;90;770;150;0;190;750;222;0;170;760;59;0;170;740;134;60;640;840;73;400;640;790;338;50;660;850;1215;190;745;390;1230;660;0;2662;26;11;2018;L;42;3867;3004;F4:9B:0B:3F:1D:F9
10:05:19.658;137;155990;870;23230;210;0;180;860;156;0;180;860;228;0;170;800;52;0;150;800;75;400;600;850;82;400;620;850;358;60;650;870;1195;180;660;390;1140;630;0;2663;26;11;2018;L;42;3867;3004;F4:9B:0B:3F:1D:F9
10:05:20.824;138;157170;860;24410;196;10;110;860;144;10;190;860;224;0;170;810;50;30;170;800;117;370;640;860;57;380;610;780;290;80;640;860;1115;190;598;370;995;630;0;2664;26;11;2018;L;42;3867;3004;F4:9B:0B:3F:1D:F9
10:05:21.961;139;158340;830;25580;196;10;120;780;138;10;180;730;224;0;140;780;46;20;140;710;57;100;560;770;68;380;600;770;362;70;630;830;1140;160;634;370;1020;600;0;2665;26;11;2018;L;42;3867;3004;F4:9B:0B:3F:1D:F9
10:05:23.114;140;159490;820;26730;176;10;100;780;123;10;180;780;204;0;110;780;52;0;140;690;76;60;540;750;89;140;580;750;368;70;610;820;1075;190;634;350;1155;600;0;2666;26;11;2018;L;42;3867;3004;F4:9B:0B:3F:1D:F9
10:05:24.259;141;160630;830;27870;182;0;150;770;146;0;170;770;216;0;140;780;52;10;130;780;91;90;550;810;68;360;580;740;346;70;620;830;1170;160;607;360;1070;600;0;2667;26;11;2018;L;42;3867;3004;F4:9B:0B:3F:1D:F9
10:05:25.351;142;161750;800;28990;182;30;120;800;144;30;200;800;224;0;170;800;67;20;190;800;138;80;600;800;64;380;610;780;338;90;640;800;1225;200;660;370;1250;620;0;2668;26;11;2018;L;42;3867;3004;F4:9B:0B:3F:1D:F9
10:05:26.557;143;162940;820;30180;174;10;110;780;132;10;140;750;210;0;130;780;76;0;180;750;148;50;560;820;88;350;590;760;326;70;610;820;1200;160;580;340;1420;590;0;2669;26;11;2018;L;42;3867;3000;F4:9B:0B:3F:1D:F9
10:05:28.231;144;164100;1020;31340;172;10;170;1020;142;10;180;1020;210;0;160;1020;52;20;160;1020;82;70;550;1020;79;380;600;1020;334;80;630;990;1150;180;583;370;1100;610;0;2670;26;11;2018;L;42;3867;3000;F4:9B:0B:3F:1D:F9
10:05:29.121;145;165240;870;32480;168;30;170;820;134;30;190;820;202;0;170;820;43;40;180;810;67;110;580;860;69;390;620;800;344;100;660;870;1090;200;520;380;995;620;0;2671;26;11;2018;L;42;3867;3004;F4:9B:0B:3F:1D:F9
10:05:30.667;146;166450;860;33690;182;10;180;770;148;10;190;770;202;0;170;770;18;90;140;760;46;390;580;860;106;90;630;820;292;80;660;860;1080;190;660;390;890;630;0;2672;26;11;2018;L;42;3867;3004;F4:9B:0B:3F:1D:F9
10:05:31.957;147;167670;920;34910;144;0;130;870;115;0;160;870;174;0;130;870;40;0;130;870;96;50;580;910;73;180;650;850;306;60;670;920;990;190;685;380;1075;630;0;2673;26;11;2018;L;42;3867;3004;F4:9B:0B:3F:1D:F9
10:05:32.777;148;169000;960;36240;178;0;260;950;144;10;250;950;198;0;250;890;39;10;530;900;59;450;640;950;74;460;720;950;318;80;720;960;1050;270;935;440;1030;680;0;2674;26;11;2018;L;42;3867;3004;F4:9B:0B:3F:1D:F9
10:05:34.135;149;170290;1030;37530;190;10;240;980;148;10;240;980;192;0;230;980;6;450;500;970;75;470;840;1030;56;470;750;960;334;60;800;1030;1045;250;529;460;990;810;0;2675;26;11;2018;L;42;3867;3004;F4:9B:0B:3F:1D:F9
10:05:35.385;150;171750;820;38990;264;0;90;820;180;0;100;810;258;0;90;810;103;0;180;810;132;60;660;790;48;700;780;780;326;50;640;820;1470;100;571;340;1065;650;0;2676;26;11;2018;L;42;3867;3004;F4:9B:0B:3F:1D:F9
10:05:37.353;151;172900;880;40140;174;0;90;880;138;0;260;850;198;0;110;850;29;20;140;780;95;30;640;830;79;200;670;830;304;0;690;880;1205;260;775;490;1080;670;0;2677;26;11;2018;L;42;3867;3004;F4:9B:0B:3F:1D:F9
10:05:37.719;152;174150;750;430;208;10;100;720;174;10;110;720;232;0;100;720;49;10;110;710;107;40;540;750;90;50;520;690;296;20;560;750;1360;120;559;320;1120;550;0;2678;26;11;2018;L;42;3867;3004;F4:9B:0B:3F:1D:F9
10:05:39.022;153;175230;770;1510;182;10;80;770;128;10;80;730;202;10;80;730;62;0;120;720;86;40;490;770;81;80;520;690;334;50;560;770;1160;150;511;340;1030;550;0;2679;26;11;2018;L;42;3867;3004;F4:9B:0B:3F:1D:F9
10:05:40.235;154;176290;810;2570;200;0;100;810;150;10;150;810;226;0;110;760;76;0;180;740;107;50;530;810;67;340;570;720;278;60;590;810;1275;160;583;330;1050;570;0;2680;26;11;2018;L;42;3867;3004;F4:9B:0B:3F:1D:F9
10:05:40.961;155;177370;760;3650;208;0;70;710;150;10;80;710;228;0;80;710;70;0;150;710;100;20;510;760;83;90;520;680;324;40;560;760;1240;140;490;320;1065;550;0;2681;26;11;2018;L;42;3867;3004;F4:9B:0B:3F:1D:F9
10:05:42.091;156;178440;810;4720;214;0;80;810;148;0;160;810;226;0;90;760;66;0;130;750;92;30;510;810;64;340;560;730;314;50;600;810;1250;160;517;330;1040;580;0;2682;26;11;2018;L;42;3867;3004;F4:9B:0B:3F:1D:F9
10:05:43.131;157;179550;750;5830;208;0;90;750;144;0;140;740;216;0;100;750;66;0;180;750;164;60;570;750;63;350;570;730;296;50;600;750;1190;160;511;340;1200;580;0;2683;26;11;2018;L;42;3867;3004;F4:9B:0B:3F:1D:F9
10:05:44.616;158;180680;890;6960;194;0;100;890;146;0;160;890;226;0;120;890;64;0;100;890;100;50;580;890;91;70;520;890;370;60;570;890;1340;160;670;330;1210;560;0;2684;26;11;2018;L;42;3867;3004;F4:9B:0B:3F:1D:F9
10:05:45.407;159;181620;950;7900;192;0;250;880;132;150;280;880;210;150;270;900;93;160;340;880;138;210;700;950;64;220;680;940;300;210;730;950;1290;290;559;530;1025;720;0;2685;26;11;2018;L;42;3867;3004;F4:9B:0B:3F:1D:F9
10:05:46.490;160;182900;760;9180;202;0;100;760;150;10;170;760;228;0;140;760;76;0;170;760;113;60;640;760;78;350;590;750;316;70;610;760;1320;170;660;350;1180;600;0;2686;26;11;2018;L;42;3867;3004;F4:9B:0B:3F:1D:F9
10:05:47.844;161;184040;950;10320;216;0;100;950;160;0;170;950;238;0;140;950;69;0;140;950;99;60;550;950;77;340;570;950;350;80;600;950;1340;170;695;340;1200;580;0;2687;26;11;2018;L;42;3867;3004;F4:9B:0B:3F:1D:F9
10:05:48.794;162;185120;830;11400;198;50;140;730;154;0;210;730;226;0;190;740;68;50;260;760;244;120;670;830;28;500;650;790;254;130;660;830;1220;220;640;400;1185;660;0;2688;26;11;2018;L;42;3867;3004;F4:9B:0B:3F:1D:F9
10:05:49.981;163;186280;860;12560;238;0;160;770;160;0;200;780;248;0;170;770;91;20;230;760;144;110;610;860;54;470;640;800;308;170;660;860;1380;210;710;410;1225;640;0;2689;26;11;2018;L;42;3867;3004;F4:9B:0B:3F:1D:F9
10:05:51.581;164;187430;980;13710;232;40;120;740;152;50;120;750;242;0;120;750;70;30;210;740;152;90;590;980;62;380;610;980;296;110;640;980;1260;200;589;370;1210;630;0;2690;26;11;2018;L;42;3867;3004;F4:9B:0B:3F:1D:F9
10:05:52.391;165;188600;920;14880;210;0;100;920;138;10;140;920;220;0;120;920;66;0;160;920;122;60;550;920;54;350;570;920;314;80;590;920;1190;150;502;350;1005;580;0;2691;26;11;2018;L;42;3867;3004;F4:9B:0B:3F:1D:F9
10:05:53.432;166;189710;840;15990;188;0;90;770;154;10;180;760;214;0;160;770;59;0;150;770;121;30;570;830;66;380;590;810;340;70;620;840;1210;180;598;360;1130;600;0;2692;26;11;2018;L;42;3867;3004;F4:9B:0B:3F:1D:F9
10:05:55.610;168;191990;770;18270;202;10;80;770;152;0;150;770;220;0;100;770;60;0;170;770;158;40;570;770;51;360;580;750;316;60;610;770;1195;160;550;340;1155;600;0;2694;26;11;2018;L;42;3867;3004;F4:9B:0B:3F:1D:F9
10:05:56.777;169;193140;790;19420;202;0;100;730;142;10;140;730;226;0;120;740;67;10;160;730;144;60;540;790;57;330;560;720;296;70;590;790;1225;160;568;330;1150;580;0;2695;26;11;2018;L;42;3867;3000;F4:9B:0B:3F:1D:F9
10:05:57.918;170;194250;810;20530;214;0;90;760;136;10;170;760;226;0;100;760;67;0;170;750;89;30;550;810;88;140;570;720;340;70;600;810;1250;180;592;350;1140;600;0;2696;26;11;2018;L;42;3867;3000;F4:9B:0B:3F:1D:F9
10:05:59.312;171;195370;880;21650;200;0;90;880;154;0;150;880;222;0;120;760;61;0;170;750;103;70;550;880;62;340;560;790;310;60;600;880;1220;160;574;340;1050;580;0;2697;26;11;2018;L;42;3867;3000;F4:9B:0B:3F:1D:F9
10:06:00.157;172;196460;840;22740;210;0;90;750;146;10;170;760;224;0;100;780;70;0;180;770;150;30;580;830;55;380;590;770;278;60;620;840;1215;180;631;370;1135;600;0;2698;26;11;2018;L;42;3867;3000;F4:9B:0B:3F:1D:F9
10:06:01.210;173;197600;750;23880;196;0;90;750;148;10;170;750;224;0;120;750;72;0;160;750;124;50;550;750;81;100;560;730;300;70;600;750;1300;170;616;350;1155;580;0;2699;26;11;2018;L;42;3867;3000;F4:9B:0B:3F:1D:F9
10:06:02.829;174;198730;820;25010;196;10;80;760;158;10;170;760;216;0;140;760;59;0;170;760;105;30;560;820;61;350;580;810;310;60;610;820;1220;170;571;340;1030;590;0;2700;26;11;2018;L;42;3867;3000;F4:9B:0B:3F:1D:F9
10:06:03.525;175;199850;800;26130;186;0;90;750;158;0;170;750;218;0;140;750;62;0;140;750;70;60;520;730;102;90;570;730;366;70;600;800;1320;170;604;350;1150;580;0;2701;26;11;2018;L;42;3867;3000;F4:9B:0B:3F:1D:F9
10:06:04.648;176;200970;810;27250;188;0;100;810;140;10;130;810;216;0;110;760;52;20;130;750;138;60;540;810;68;100;560;720;272;60;590;810;1165;160;499;340;1035;580;0;2702;26;11;2018;L;42;3867;3000;F4:9B:0B:3F:1D:F9
10:06:05.719;177;202090;750;28370;220;0;90;750;146;10;110;750;232;0;110;750;83;0;190;750;186;50;610;750;44;360;560;730;236;100;590;740;1255;160;574;340;1115;560;0;2703;26;11;2018;L;42;3867;3000;F4:9B:0B:3F:1D:F9
10:06:06.856;178;203210;770;29490;200;10;100;770;152;10;180;770;214;0;120;770;108;0;460;730;210;80;640;770;37;460;600;750;248;100;610;760;1195;190;610;360;1150;610;0;2704;26;11;2018;L;42;3867;3000;F4:9B:0B:3F:1D:F9
10:06:08.033;179;204380;770;30660;210;0;150;770;158;0;160;720;224;0;150;770;67;0;140;720;119;210;640;770;68;370;600;760;334;100;620;770;1220;160;550;360;1195;610;0;2705;26;11;2018;L;42;3867;3000;F4:9B:0B:3F:1D:F9
10:06:09.190;180;205540;770;31820;194;0;100;770;152;0;170;720;222;0;150;770;70;10;170;720;160;90;640;770;59;370;600;760;316;110;620;770;1220;170;553;360;1200;620;0;2706;26;11;2018;L;42;3867;3000;F4:9B:0B:3F:1D:F9
10:06:10.628;181;206720;830;33000;192;0;110;790;140;0;170;730;214;0;140;790;64;10;160;720;120;80;580;830;73;370;600;770;340;110;620;830;1155;170;610;360;1190;610;0;2707;26;11;2018;L;42;3867;2996;F4:9B:0B:3F:1D:F9
10:06:12.021;182;207900;830;34180;188;0;110;810;138;0;170;750;214;0;160;800;67;0;180;740;78;380;580;830;75;380;620;780;334;100;640;830;1145;180;592;370;1120;620;0;2708;26;11;2018;L;42;3867;2996;F4:9B:0B:3F:1D:F9
10:06:12.782;183;209080;820;35360;174;0;90;820;140;0;180;820;206;0;160;820;65;0;400;820;158;40;610;810;61;380;620;790;310;110;650;820;1130;180;645;360;1200;630;0;2709;26;11;2018;L;42;3867;3000;F4:9B:0B:3F:1D:F9
10:06:14.061;184;210270;800;36550;180;0;180;800;146;0;190;760;210;0;180;800;75;0;420;760;180;40;630;800;44;400;630;790;264;100;650;800;1155;180;680;380;1120;640;0;2710;26;11;2018;L;42;3867;3000;F4:9B:0B:3F:1D:F9
10:06:15.832;185;211460;930;37740;160;0;180;890;132;0;190;890;192;0;170;880;50;0;130;880;70;240;620;920;52;390;650;850;308;80;680;930;1020;190;604;380;965;660;0;2711;26;11;2018;L;42;3867;3000;F4:9B:0B:3F:1D:F9
10:06:17.590;186;212800;930;39080;198;0;580;930;144;0;580;930;232;0;580;930;75;10;580;930;41;0;140;690;0;0;0;0;73;30;190;890;1265;580;840;270;870;200;0;2712;26;11;2018;L;42;3867;3000;F4:9B:0B:3F:1D:F9
App_time;Step_number;Insole_timer;Contact_time;ESW_timer;S0_force;S0_start_time;S0_max_time;S0_end_time;S1_force;S1_start_time;S1_max_time;S1_end_time;S2_force;S2_start_time;S2_max_time;S2_end_time;S3_force;S3_start_time;S3_max_time;S3_end_time;S4_force;S4_start_time;S4_max_time;S4_end_time;S5_force;S5_start_time;S5_max_time;S5_end_time;S6_force;S6_start_time;S6_max_time;S6_end_time;F1_force;F1_time;F2_force;F2_time;F3_force;F3_time;Warning_code;Lifetime_steps;Day;Month;Year;Left/Right;Size;Insole_id;Battery;MAC
10:02:42.749;1;0;870;16450;170;0;210;820;101;0;210;820;122;0;200;830;40;0;180;830;113;0;610;860;54;270;660;840;477;10;680;870;960;220;820;350;1290;670;0;2754;26;11;2018;R;42;5820;3036;E0:85:C6:A8:ED:F2
10:02:43.901;2;1240;790;17690;200;0;180;750;122;0;190;750;154;0;180;760;61;10;210;720;212;30;620;790;23;400;600;750;324;40;610;790;1185;200;645;370;1180;610;0;2755;26;11;2018;R;42;5820;3036;E0:85:C6:A8:ED:F2
10:02:45.011;3;2390;750;18840;208;0;100;710;117;0;150;710;166;0;150;710;78;0;180;700;178;20;560;750;32;370;570;720;402;20;580;750;1255;170;556;340;1275;570;0;2756;26;11;2018;R;42;5820;3036;E0:85:C6:A8:ED:F2
10:02:46.327;4;3500;740;19950;236;0;170;690;144;0;180;680;182;0;150;690;56;0;130;690;117;20;530;730;59;330;540;700;525;20;560;740;1380;170;660;330;1420;550;0;2757;26;11;2018;R;42;5820;3036;E0:85:C6:A8:ED:F2
10:02:47.201;5;4590;740;21040;206;0;100;700;117;0;160;690;158;0;140;700;65;0;150;690;158;20;550;740;54;130;540;710;465;30;560;740;1280;170;695;350;1390;550;0;2758;26;11;2018;R;42;5820;3040;E0:85:C6:A8:ED:F2
10:02:48.311;6;5680;750;22130;240;0;170;720;154;0;180;710;170;0;150;720;47;0;120;710;168;30;570;750;43;360;570;720;435;30;580;750;1370;180;634;350;1330;570;0;2759;26;11;2018;R;42;5820;3040;E0:85:C6:A8:ED:F2
10:02:49.743;7;6780;760;23230;234;0;160;730;140;0;170;720;180;0;160;730;70;0;160;720;162;30;580;760;43;370;580;730;387;30;590;760;1330;170;622;360;1270;580;0;2760;26;11;2018;R;42;5820;3036;E0:85:C6:A8:ED:F2
10:02:50.753;8;7890;760;24340;224;0;160;720;130;0;170;680;172;0;150;720;69;0;150;680;178;20;580;760;35;360;560;710;387;20;580;760;1265;160;645;350;1250;570;0;2761;26;11;2018;R;42;5820;3036;E0:85:C6:A8:ED:F2
10:02:51.624;9;8990;740;25440;252;0;170;730;160;0;180;680;188;0;160;690;69;10;130;680;202;30;570;740;34;380;550;690;310;30;560;740;1400;170;601;340;1170;550;0;2762;26;11;2018;R;42;5820;3036;E0:85:C6:A8:ED:F2
10:02:52.905;10;10070;730;26520;244;0;150;690;148;0;170;680;180;0;140;690;72;0;130;660;182;20;560;730;36;350;550;690;350;30;560;730;1410;150;616;340;1225;550;0;2763;26;11;2018;R;42;5820;3036;E0:85:C6:A8:ED:F2
10:02:53.794;11;11140;760;27590;238;0;170;690;138;10;180;690;182;0;170;690;75;10;150;660;180;30;570;760;41;360;560;710;390;30;580;760;1340;170;616;350;1280;560;0;2764;26;11;2018;R;42;5820;3036;E0:85:C6:A8:ED:F2
10:02:55.303;12;12230;750;28680;206;0;170;700;124;0;170;690;162;0;160;700;72;0;140;670;218;30;580;750;24;370;540;700;322;30;570;750;1290;170;601;340;1175;560;0;2765;26;11;2018;R;42;5820;3036;E0:85:C6:A8:ED:F2
10:02:56.006;13;13320;780;29770;226;0;190;720;142;0;190;720;166;0;180;720;59;0;150;720;144;20;580;780;52;390;590;740;432;20;600;780;1270;190;655;360;1330;590;0;2766;26;11;2018;R;42;5820;3036;E0:85:C6:A8:ED:F2
10:02:57.113;14;14450;760;30900;216;0;170;710;127;0;170;600;170;0;170;720;66;0;150;670;184;20;590;760;35;320;560;720;372;30;580;760;1265;170;660;360;1215;570;0;2767;26;11;2018;R;42;5820;3040;E0:85:C6:A8:ED:F2
10:02:58.429;15;15550;770;32000;230;0;180;730;142;10;190;720;170;0;170;730;53;10;150;730;138;30;560;770;50;370;580;740;483;30;590;770;1340;190;665;360;1390;580;0;2768;26;11;2018;R;42;5820;3040;E0:85:C6:A8:ED:F2
10:02:59.343;16;16670;780;33120;232;0;190;740;144;0;190;730;178;0;180;740;59;0;160;740;140;30;590;780;52;390;610;750;417;30;610;780;1310;180;710;370;1320;600;0;2769;26;11;2018;R;42;5820;3040;E0:85:C6:A8:ED:F2
10:03:00.585;17;17790;790;34240;234;0;200;730;142;10;200;720;174;0;190;730;57;10;160;730;142;40;580;790;52;380;590;740;432;40;600;790;1280;190;685;370;1320;590;0;2770;26;11;2018;R;42;5820;3044;E0:85:C6:A8:ED:F2
10:03:02.003;18;18900;770;35350;228;0;170;730;140;0;180;690;168;0;160;730;62;10;180;690;186;30;610;770;37;380;580;730;354;30;590;770;1300;180;645;370;1220;590;0;2771;26;11;2018;R;42;5820;3044;E0:85:C6:A8:ED:F2
10:03:02.940;19;20010;790;36460;240;0;180;760;144;10;180;650;178;0;180;770;67;10;190;750;184;30;620;790;34;400;600;750;324;40;610;790;1360;180;670;380;1170;590;0;2772;26;11;2018;R;42;5820;3044;E0:85:C6:A8:ED:F2
10:03:03.871;20;21170;780;37620;236;0;190;740;144;0;190;710;178;0;180;740;98;10;510;710;200;30;620;780;28;450;610;740;290;30;620;780;1330;190;720;350;1185;600;0;2773;26;11;2018;R;42;5820;3044;E0:85:C6:A8:ED:F2
10:03:04.992;21;22300;770;38750;234;0;190;730;140;0;200;720;170;0;180;730;56;0;160;690;152;40;590;770;47;380;580;730;429;40;590;770;1255;190;645;370;1330;580;0;2774;26;11;2018;R;42;5820;3044;E0:85:C6:A8:ED:F2
10:03:06.298;22;23400;770;39850;222;0;180;710;132;10;190;710;164;0;170;710;59;10;150;710;154;30;570;770;45;350;570;730;441;40;590;770;1260;190;705;370;1310;580;0;2775;26;11;2018;R;42;5820;3044;E0:85:C6:A8:ED:F2
10:03:07.194;23;24500;770;40950;228;0;180;720;132;0;190;690;172;0;180;730;71;0;200;690;186;30;600;770;38;390;580;720;362;40;590;770;1280;190;637;370;1270;580;0;2776;26;11;2018;R;42;5820;3044;E0:85:C6:A8:ED:F2
10:03:08.309;24;25610;770;1100;236;0;180;710;142;0;180;700;174;0;170;710;59;0;140;710;140;20;560;760;56;310;560;720;465;20;570;770;1320;170;705;350;1360;560;0;2777;26;11;2018;R;42;5820;3044;E0:85:C6:A8:ED:F2
10:03:09.411;25;26720;770;2210;222;0;180;740;130;0;190;700;170;0;180;740;75;0;500;710;188;30;620;770;32;420;590;730;344;30;600;770;1265;180;695;370;1255;590;0;2778;26;11;2018;R;42;5820;3044;E0:85:C6:A8:ED:F2
10:03:10.569;26;27850;790;3340;218;0;190;730;128;0;190;730;168;0;180;740;66;0;160;730;146;30;590;790;46;390;590;740;438;40;600;790;1240;190;740;370;1340;590;0;2779;26;11;2018;R;42;5820;3040;E0:85:C6:A8:ED:F2
10:03:11.804;27;28990;780;4480;216;0;180;750;127;0;190;740;162;0;180;750;64;0;170;700;168;20;620;780;42;390;590;740;384;30;600;780;1210;190;730;380;1280;590;0;2780;26;11;2018;R;42;5820;3040;E0:85:C6:A8:ED:F2
10:03:12.794;28;30120;740;5610;228;0;190;740;130;0;190;740;178;0;190;740;76;0;180;720;190;30;640;740;32;450;610;740;316;30;620;740;1300;190;720;380;1185;610;0;2781;26;11;2018;R;42;5820;3040;E0:85:C6:A8:ED:F2
10:03:13.939;29;31260;750;6750;214;0;170;710;118;0;170;710;170;0;170;720;72;10;180;710;188;30;580;750;38;370;570;720;378;30;590;750;1225;180;613;360;1275;580;0;2782;26;11;2018;R;42;5820;3040;E0:85:C6:A8:ED:F2
10:03:15.480;30;32370;760;7860;232;0;160;720;134;0;170;710;178;0;160;720;66;10;180;710;180;30;580;760;42;370;580;720;390;20;590;760;1310;170;645;350;1330;580;0;2783;26;11;2018;R;42;5820;3040;E0:85:C6:A8:ED:F2
10:03:16.401;31;33480;760;8970;228;0;180;710;136;0;180;670;176;0;170;720;59;0;150;710;166;30;570;760;45;360;580;720;417;30;580;760;1300;180;645;350;1340;570;0;2784;26;11;2018;R;42;5820;3040;E0:85:C6:A8:ED:F2
10:03:17.289;32;34590;760;10080;230;0;170;720;144;0;180;680;172;0;160;720;62;10;150;710;176;30;590;760;44;370;580;730;378;30;590;760;1310;180;613;360;1300;580;0;2785;26;11;2018;R;42;5820;3040;E0:85:C6:A8:ED:F2
10:03:18.641;33;35710;780;11200;228;0;180;730;140;0;190;720;168;0;170;730;64;0;140;720;152;30;580;780;51;370;580;740;441;30;590;780;1290;180;685;360;1380;580;0;2786;26;11;2018;R;42;5820;3040;E0:85:C6:A8:ED:F2
10:03:19.553;34;36840;760;12330;232;0;180;720;142;0;180;680;170;0;170;720;64;0;150;710;160;30;570;760;51;360;580;730;423;30;590;760;1280;180;670;350;1360;580;0;2787;26;11;2018;R;42;5820;3040;E0:85:C6:A8:ED:F2
10:03:20.606;35;37950;710;13440;224;0;180;710;140;0;190;710;166;0;170;710;81;0;490;690;178;30;600;710;38;410;590;710;342;30;590;710;1280;180;690;360;1230;580;0;2788;26;11;2018;R;42;5820;3040;E0:85:C6:A8:ED:F2
10:03:21.989;36;39060;760;14550;230;0;180;720;140;0;190;680;172;0;170;720;65;0;150;710;156;30;580;760;45;380;580;720;399;30;590;760;1300;180;675;350;1280;580;0;2789;26;11;2018;R;42;5820;3036;E0:85:C6:A8:ED:F2
10:03:22.969;37;40160;750;15650;230;0;180;710;134;0;180;700;174;0;170;710;72;0;470;680;192;30;590;750;35;400;570;710;348;30;580;750;1290;180;607;360;1255;570;0;2790;26;11;2018;R;42;5820;3036;E0:85:C6:A8:ED:F2
10:03:24.159;38;41250;740;16740;242;0;100;740;142;0;170;690;180;0;140;700;80;0;150;670;192;30;580;740;34;370;550;700;350;30;570;740;1360;170;586;350;1230;550;0;2791;26;11;2018;R;42;5820;3036;E0:85:C6:A8:ED:F2
10:03:25.022;39;42350;710;17840;230;0;180;710;138;0;180;690;172;0;180;710;107;0;500;710;212;30;620;710;25;480;590;710;262;30;600;710;1300;180;705;360;1150;590;0;2792;26;11;2018;R;42;5820;3036;E0:85:C6:A8:ED:F2
10:03:26.197;40;43490;750;18980;240;0;120;750;140;0;170;710;180;0;150;720;70;0;140;710;152;20;560;750;49;370;570;720;438;30;580;750;1320;160;634;340;1350;570;0;2793;26;11;2018;R;42;5820;3036;E0:85:C6:A8:ED:F2
10:03:27.294;41;44580;760;20070;230;0;180;710;146;10;190;700;168;0;170;710;60;10;150;680;192;30;600;760;38;370;570;720;364;30;580;760;1280;180;622;360;1255;570;0;2794;26;11;2018;R;42;5820;3036;E0:85:C6:A8:ED:F2
10:03:28.388;42;45670;760;21160;232;0;170;710;142;10;180;680;166;0;160;710;65;10;480;690;228;30;600;760;31;380;560;710;324;40;580;760;1265;180;589;360;1250;570;0;2795;26;11;2018;R;42;5820;3040;E0:85:C6:A8:ED:F2
10:03:29.484;43;46770;740;22260;228;0;160;690;138;0;170;690;170;0;150;690;61;0;140;660;212;30;580;740;29;390;550;690;334;30;560;740;1290;170;592;350;1220;550;0;2796;26;11;2018;R;42;5820;3040;E0:85:C6:A8:ED:F2
10:03:30.565;44;47850;750;23340;236;0;180;740;142;0;190;700;178;0;160;710;63;0;130;710;138;30;560;750;51;320;570;720;456;40;580;750;1300;180;730;350;1350;570;0;2797;26;11;2018;R;42;5820;3040;E0:85:C6:A8:ED:F2
10:03:31.708;45;48950;790;24440;196;0;140;740;122;0;150;740;154;0;140;740;48;10;160;710;266;20;630;790;32;110;510;750;300;20;590;790;1270;170;725;350;1165;610;0;2798;26;11;2018;R;42;5820;3040;E0:85:C6:A8:ED:F2
10:03:33.159;46;50080;710;25570;260;0;170;710;160;0;180;710;194;0;170;710;64;10;150;710;160;40;580;710;39;400;580;710;368;30;590;710;1410;170;705;360;1255;570;0;2799;26;11;2018;R;42;5820;3040;E0:85:C6:A8:ED:F2
10:03:34.012;47;51190;750;26680;222;0;150;700;132;0;170;700;174;0;150;700;68;0;140;700;148;20;550;750;43;350;550;720;456;20;570;750;1280;160;650;350;1320;550;0;2800;26;11;2018;R;42;5820;3040;E0:85:C6:A8:ED:F2
10:03:35.021;48;52280;770;27770;222;0;180;720;138;0;180;710;172;0;170;720;57;10;150;720;154;30;570;770;44;370;580;730;432;30;590;770;1280;180;710;360;1320;580;0;2801;26;11;2018;R;42;5820;3040;E0:85:C6:A8:ED:F2
10:03:36.563;49;53400;760;28890;230;0;180;720;140;0;180;680;176;0;170;720;67;0;150;680;164;30;610;760;45;360;570;720;399;30;580;760;1320;170;670;350;1280;570;0;2802;26;11;2018;R;42;5820;3040;E0:85:C6:A8:ED:F2
10:03:37.448;50;54500;760;29990;240;0;180;710;148;0;180;710;170;0;160;720;56;10;140;710;152;30;580;760;47;360;570;720;408;30;580;760;1310;170;725;350;1290;570;0;2803;26;11;2018;R;42;5820;3040;E0:85:C6:A8:ED:F2
10:03:38.371;51;55610;780;31100;228;0;190;730;138;0;190;720;174;0;170;730;63;0;150;720;125;30;570;780;56;360;590;740;459;30;600;780;1310;180;745;360;1350;580;0;2804;26;11;2018;R;42;5820;3040;E0:85:C6:A8:ED:F2
10:03:39.480;52;56730;770;32220;236;0;180;730;150;0;180;680;172;0;170;740;57;10;140;720;140;20;590;770;48;370;590;730;405;30;600;770;1320;180;735;360;1290;590;0;2805;26;11;2018;R;42;5820;3044;E0:85:C6:A8:ED:F2
10:03:40.826;53;57850;780;33340;230;0;190;740;138;10;200;700;172;0;180;740;65;10;160;730;144;30;600;780;50;380;600;740;417;40;610;780;1300;190;750;370;1310;600;0;2806;26;11;2018;R;42;5820;3044;E0:85:C6:A8:ED:F2
10:03:41.956;54;59000;760;34490;222;0;160;720;125;0;170;690;174;0;160;720;76;0;160;700;190;20;610;760;37;380;580;720;334;30;590;760;1270;170;735;350;1235;580;0;2807;26;11;2018;R;42;5820;3040;E0:85:C6:A8:ED:F2
10:03:42.882;55;60130;770;35620;240;0;180;720;146;0;190;720;172;0;160;730;65;0;130;720;146;20;590;770;51;370;580;730;414;40;590;770;1320;170;725;350;1290;570;0;2808;26;11;2018;R;42;5820;3040;E0:85:C6:A8:ED:F2
10:03:44.202;56;61240;770;36730;220;0;190;730;134;0;190;720;170;0;180;730;63;0;150;730;148;30;580;770;49;370;580;740;441;40;590;770;1280;180;715;360;1360;580;0;2809;26;11;2018;R;42;5820;3044;E0:85:C6:A8:ED:F2
10:03:45.427;57;62350;780;37840;224;0;190;740;136;0;190;700;172;0;180;740;71;10;170;700;198;30;620;780;31;400;590;730;312;40;600;780;1280;190;690;390;1185;590;0;2810;26;11;2018;R;42;5820;3044;E0:85:C6:A8:ED:F2
10:03:46.262;58;63470;790;38960;214;0;190;740;132;10;190;740;158;0;180;750;57;10;160;690;136;30;580;790;64;150;590;750;483;40;610;790;1290;200;750;360;1400;600;0;2811;26;11;2018;R;42;5820;3040;E0:85:C6:A8:ED:F2
10:03:47.410;59;64620;780;40110;220;0;180;740;130;0;190;710;168;0;180;750;64;0;150;740;154;30;620;780;45;380;600;750;396;30;610;780;1240;180;740;340;1280;600;0;2812;26;11;2018;R;42;5820;3044;E0:85:C6:A8:ED:F2
10:03:48.544;60;65770;760;300;228;0;180;710;138;0;190;710;168;0;170;720;55;0;140;710;152;30;560;760;48;350;570;730;459;40;590;760;1290;180;700;350;1360;570;0;2813;26;11;2018;R;42;5820;3044;E0:85:C6:A8:ED:F2
10:03:49.681;61;66900;770;1430;222;0;180;730;134;0;180;720;174;0;170;730;74;0;490;720;170;30;600;770;39;390;590;730;354;30;600;770;1280;180;695;350;1240;580;0;2814;26;11;2018;R;42;5820;3040;E0:85:C6:A8:ED:F2
10:03:51.010;62;68050;750;2580;216;0;100;700;118;0;150;700;164;0;150;700;82;0;170;670;164;20;580;750;39;360;570;710;358;20;580;750;1265;160;670;350;1210;560;0;2815;26;11;2018;R;42;5820;3040;E0:85:C6:A8:ED:F2
10:03:52.100;63;69130;760;3660;228;0;150;740;146;0;160;670;170;0;150;700;82;10;180;680;196;30;600;760;28;410;570;710;284;40;570;760;1380;170;601;360;1135;560;0;2816;26;11;2018;R;42;5820;3044;E0:85:C6:A8:ED:F2
10:03:53.168;64;70230;720;4760;244;0;90;710;138;0;110;660;176;0;100;670;88;0;130;640;146;20;550;720;39;350;550;680;374;20;560;720;1410;130;586;330;1175;540;0;2817;26;11;2018;R;42;5820;3040;E0:85:C6:A8:ED:F2
10:03:54.263;65;71280;750;5810;236;0;150;700;146;0;160;690;178;0;150;700;77;0;150;670;194;20;590;750;32;350;540;700;360;20;560;750;1390;160;565;330;1230;550;0;2818;26;11;2018;R;42;5820;3040;E0:85:C6:A8:ED:F2
10:03:55.590;66;72380;790;6910;210;0;190;760;130;0;200;720;156;0;180;760;94;0;520;730;190;40;640;790;31;420;610;750;316;50;620;790;1240;190;700;370;1230;600;0;2819;26;11;2018;R;42;5820;3040;E0:85:C6:A8:ED:F2
10:03:56.433;67;73530;780;8060;214;0;190;740;130;0;190;710;162;0;180;750;95;0;510;710;160;30;620;780;34;470;610;740;312;40;610;780;1270;190;685;370;1220;530;0;2820;26;11;2018;R;42;5820;3040;E0:85:C6:A8:ED:F2
10:03:57.974;68;74660;740;9190;210;0;200;730;119;10;190;730;164;0;190;730;110;10;520;740;240;40;660;740;18;500;610;740;214;50;620;740;1240;190;800;380;1105;540;0;2821;26;11;2018;R;42;5820;3036;E0:85:C6:A8:ED:F2
10:03:59.472;69;75820;830;10350;210;0;190;780;119;0;190;750;158;0;190;790;125;0;530;810;216;40;670;830;16;530;630;770;218;50;640;810;1210;200;795;380;1130;550;0;2822;26;11;2018;R;42;5820;3036;E0:85:C6:A8:ED:F2
10:04:00.447;70;77000;850;11530;198;0;190;800;111;10;190;770;154;0;200;800;98;10;500;780;202;50;680;850;19;510;650;800;254;60;670;850;1180;210;810;400;1085;650;0;2823;26;11;2018;R;42;5820;3040;E0:85:C6:A8:ED:F2
10:04:01.155;71;78190;840;12720;188;0;150;790;104;10;160;760;142;0;170;760;132;10;240;820;276;40;680;840;0;0;0;0;134;50;640;810;1205;200;705;400;980;650;0;2824;26;11;2018;R;42;5820;3040;E0:85:C6:A8:ED:F2
10:04:02.762;72;79390;800;13920;218;0;130;760;120;0;140;720;164;0;150;760;95;0;500;740;246;40;650;800;15;510;610;740;234;40;610;780;1215;170;780;340;1140;620;0;2825;26;11;2018;R;42;5820;3040;E0:85:C6:A8:ED:F2
10:04:04.485;73;81700;760;16230;182;0;160;720;109;0;160;720;154;0;160;720;78;0;190;680;210;20;610;760;25;370;560;710;344;20;580;760;1215;180;660;360;1205;580;0;2826;26;11;2018;R;42;5820;3040;E0:85:C6:A8:ED:F2
10:04:05.611;74;82810;770;17340;222;0;190;730;134;0;200;720;172;0;180;730;70;0;160;730;174;30;590;770;39;390;590;730;387;30;600;770;1320;190;710;370;1300;580;0;2827;26;11;2018;R;42;5820;3040;E0:85:C6:A8:ED:F2
10:04:06.709;75;83940;730;18470;234;0;190;730;146;0;190;720;174;0;180;730;60;0;500;690;152;30;590;730;45;390;600;730;368;30;600;730;1340;190;690;360;1245;590;0;2828;26;11;2018;R;42;5820;3040;E0:85:C6:A8:ED:F2
10:04:08.106;76;85080;780;19610;216;0;190;740;136;0;190;700;168;0;180;740;73;0;150;700;164;30;600;780;40;390;600;740;366;30;610;780;1310;180;725;360;1250;590;0;2829;26;11;2018;R;42;5820;3040;E0:85:C6:A8:ED:F2
10:04:09.062;77;86220;700;20750;228;0;180;700;142;0;180;700;178;0;180;700;93;0;480;680;180;30;600;700;30;460;580;700;288;30;590;700;1390;180;680;330;1155;490;0;2830;26;11;2018;R;42;5820;3040;E0:85:C6:A8:ED:F2
10:04:10.080;78;87300;730;21830;212;0;190;730;132;0;200;700;164;0;190;730;84;0;500;710;184;30;620;730;32;460;600;730;306;40;610;730;1260;200;775;370;1175;600;0;2831;26;11;2018;R;42;5820;3036;E0:85:C6:A8:ED:F2
10:04:11.457;79;88440;750;22970;224;0;170;700;134;0;170;700;170;0;160;710;71;0;130;700;148;30;560;750;48;330;560;710;441;30;570;750;1330;170;700;330;1330;560;0;2832;26;11;2018;R;42;5820;3036;E0:85:C6:A8:ED:F2
10:04:12.357;80;89560;740;24090;210;0;100;690;118;0;150;660;160;0;140;700;80;0;150;670;216;20;590;740;29;350;550;700;316;20;560;740;1260;160;628;330;1190;550;0;2833;26;11;2018;R;42;5820;3040;E0:85:C6:A8:ED:F2
10:04:13.407;81;90640;720;25170;228;0;190;720;146;0;190;700;162;0;180;720;86;0;500;700;186;30;610;720;32;410;590;720;304;40;600;720;1290;180;740;360;1180;580;0;2834;26;11;2018;R;42;5820;3036;E0:85:C6:A8:ED:F2
10:04:14.774;82;91770;740;26300;228;0;200;740;136;10;200;720;174;0;190;740;97;10;520;730;188;30;650;740;29;490;610;740;278;40;620;740;1310;200;770;370;1200;540;0;2835;26;11;2018;R;42;5820;3036;E0:85:C6:A8:ED:F2
10:04:15.715;83;92910;750;27440;224;0;200;740;128;10;200;740;168;0;200;740;112;10;530;750;210;40;670;750;25;510;630;750;250;60;630;750;1265;200;795;370;1165;540;0;2836;26;11;2018;R;42;5820;3036;E0:85:C6:A8:ED:F2
10:04:16.902;84;94080;770;28610;226;0;190;730;136;0;190;690;162;0;180;730;70;0;490;690;172;30;600;770;38;410;600;730;354;60;600;770;1240;190;690;380;1250;590;0;2837;26;11;2018;R;42;5820;3036;E0:85:C6:A8:ED:F2
10:04:18.258;85;95210;780;29740;226;0;190;740;140;0;190;700;164;0;180;740;63;0;150;730;144;30;600;780;47;410;600;740;390;30;610;780;1245;190;720;360;1250;600;0;2838;26;11;2018;R;42;5820;3036;E0:85:C6:A8:ED:F2
10:04:19.394;86;96330;790;30860;238;0;200;750;156;10;200;710;164;0;190;750;75;10;490;720;162;40;630;790;40;410;610;760;354;40;620;790;1300;200;735;380;1255;610;0;2839;26;11;2018;R;42;5820;3036;E0:85:C6:A8:ED:F2
10:04:20.427;87;97480;770;32010;238;0;170;730;152;0;170;690;172;0;170;730;101;0;480;710;192;20;620;770;27;450;590;720;274;30;590;770;1380;170;690;350;1150;580;0;2840;26;11;2018;R;42;5820;3036;E0:85:C6:A8:ED:F2
10:04:21.430;88;98600;750;33130;240;0;110;700;142;0;170;670;178;0;140;710;69;0;140;670;146;20;560;750;52;350;570;720;438;20;580;750;1360;160;650;340;1340;570;0;2841;26;11;2018;R;42;5820;3036;E0:85:C6:A8:ED:F2
10:04:22.599;89;99690;830;34220;206;0;180;780;122;0;190;750;156;0;190;780;76;10;540;770;214;60;680;830;32;450;640;780;306;60;650;830;1175;200;650;400;1200;640;0;2842;26;11;2018;R;42;5820;3036;E0:85:C6:A8:ED:F2
10:04:23.652;90;100880;700;35410;248;0;170;700;152;0;170;670;182;0;160;700;74;0;480;680;168;20;590;700;40;410;580;700;332;20;590;700;1360;170;628;350;1200;570;0;2843;26;11;2018;R;42;5820;3036;E0:85:C6:A8:ED:F2
10:04:24.845;91;102010;760;36540;226;0;170;710;138;0;180;680;178;0;160;710;72;0;140;680;168;30;590;760;38;390;570;720;378;30;580;760;1340;170;710;350;1265;570;0;2844;26;11;2018;R;42;5820;3036;E0:85:C6:A8:ED:F2
10:04:25.976;92;103130;770;37660;222;0;190;720;136;0;200;720;164;0;180;730;56;20;140;670;140;30;580;770;53;350;580;730;468;30;590;770;1300;190;745;350;1350;580;0;2845;26;11;2018;R;42;5820;3032;E0:85:C6:A8:ED:F2
10:04:27.105;93;104250;770;38780;258;0;170;720;152;10;180;680;194;0;160;730;63;10;160;690;184;30;610;770;40;320;580;720;374;30;590;770;1380;170;625;350;1265;580;0;2846;26;11;2018;R;42;5820;3036;E0:85:C6:A8:ED:F2
10:04:28.241;94;105390;770;39920;260;0;160;720;152;0;160;690;188;0;160;730;70;0;490;690;182;20;600;770;33;400;580;720;340;20;590;770;1390;160;690;360;1225;580;0;2847;26;11;2018;R;42;5820;3036;E0:85:C6:A8:ED:F2
10:04:29.791;95;106510;780;80;222;0;190;740;140;0;190;730;166;0;180;740;62;0;160;740;156;30;600;780;38;390;600;740;393;30;610;780;1300;190;710;380;1250;600;0;2848;26;11;2018;R;42;5820;3036;E0:85:C6:A8:ED:F2
10:04:30.548;96;107660;810;1230;200;0;190;740;123;0;190;740;158;0;180;750;63;10;190;740;136;30;590;810;40;400;600;750;417;30;610;810;1235;190;770;370;1275;600;0;2849;26;11;2018;R;42;5820;3032;E0:85:C6:A8:ED:F2
10:04:31.777;97;108810;780;2380;214;0;190;750;134;0;200;690;164;0;180;750;63;0;170;700;166;30;620;780;37;400;600;740;358;40;610;780;1240;190;725;370;1220;600;0;2850;26;11;2018;R;42;5820;3036;E0:85:C6:A8:ED:F2
10:04:32.826;98;109950;780;3520;200;0;160;740;117;0;170;710;162;0;160;740;78;0;180;710;174;30;600;780;32;370;580;740;402;40;600;780;1250;180;725;360;1290;590;0;2851;26;11;2018;R;42;5820;3036;E0:85:C6:A8:ED:F2
10:04:33.998;99;111090;800;4660;202;0;180;800;122;0;180;730;164;0;180;760;80;0;500;740;202;30;650;800;31;410;610;760;318;40;620;800;1260;190;730;350;1220;610;0;2852;26;11;2018;R;42;5820;3036;E0:85:C6:A8:ED:F2
10:04:35.313;100;112230;780;5800;214;0;180;730;136;0;190;730;160;0;170;730;62;0;160;730;146;30;590;780;44;390;590;730;382;40;600;780;1290;190;700;360;1240;590;0;2853;26;11;2018;R;42;5820;3036;E0:85:C6:A8:ED:F2
10:04:36.439;101;113360;760;6930;222;0;180;720;142;0;180;710;168;0;170;720;68;0;140;690;166;30;590;760;35;370;580;720;352;40;590;760;1320;180;675;360;1195;580;0;2854;26;11;2018;R;42;5820;3036;E0:85:C6:A8:ED:F2
10:04:37.558;102;114480;770;8050;218;0;180;730;136;0;180;690;168;0;170;730;70;0;160;690;162;30;600;770;35;390;590;730;360;40;600;770;1310;180;700;360;1230;590;0;2855;26;11;2018;R;42;5820;3036;E0:85:C6:A8:ED:F2
10:04:38.469;103;115600;760;9170;210;0;140;720;130;0;160;690;166;0;150;720;85;0;190;700;180;30;600;760;28;410;580;720;310;30;590;760;1340;170;675;360;1165;570;0;2856;26;11;2018;R;42;5820;3032;E0:85:C6:A8:ED:F2
10:04:39.587;104;116710;770;10280;220;0;170;730;144;0;180;690;172;0;160;730;76;0;130;690;152;30;590;770;39;390;590;730;360;30;600;770;1360;170;705;350;1195;580;0;2857;26;11;2018;R;42;5820;3036;E0:85:C6:A8:ED:F2
10:04:41.139;105;117830;790;11400;218;0;170;740;136;0;170;710;160;0;170;740;75;0;200;720;184;30;630;790;29;380;600;740;326;30;610;790;1290;180;680;360;1180;610;0;2858;26;11;2018;R;42;5820;3036;E0:85:C6:A8:ED:F2
10:04:41.817;106;118940;770;12510;210;0;100;730;132;0;160;700;160;0;150;730;90;10;190;700;172;30;600;770;28;410;590;730;322;40;600;770;1340;180;670;370;1175;580;0;2859;26;11;2018;R;42;5820;3036;E0:85:C6:A8:ED:F2
10:04:43.049;107;120060;770;13630;220;0;180;720;142;0;180;690;162;0;170;720;89;0;480;710;200;30;620;770;25;430;580;720;276;40;590;770;1320;180;710;360;1135;570;0;2860;26;11;2018;R;42;5820;3036;E0:85:C6:A8:ED:F2
10:04:44.260;108;121180;760;14750;208;0;160;720;130;0;170;680;160;0;150;720;79;0;170;680;186;20;600;760;34;370;560;720;372;30;580;760;1300;170;655;360;1260;570;0;2861;26;11;2018;R;42;5820;3036;E0:85:C6:A8:ED:F2
10:04:45.138;109;122280;740;15850;232;0;190;740;148;0;190;740;172;0;190;740;93;10;520;720;162;30;630;740;32;480;620;740;302;30;630;740;1330;190;765;370;1185;540;0;2862;26;11;2018;R;42;5820;3036;E0:85:C6:A8:ED:F2
10:04:46.333;110;123420;780;16990;218;0;170;740;126;0;180;730;168;0;170;740;84;10;200;700;172;30;610;780;34;410;590;740;352;30;600;780;1290;190;675;380;1215;580;0;2863;26;11;2018;R;42;5820;3032;E0:85:C6:A8:ED:F2
10:04:48.122;111;124450;890;18020;204;0;280;850;119;80;280;810;156;0;280;850;85;0;310;820;166;130;740;890;35;500;700;850;318;130;720;890;1185;290;725;470;1155;710;0;2864;26;11;2018;R;42;5820;3032;E0:85:C6:A8:ED:F2
10:04:48.787;112;125690;760;19260;250;0;100;710;156;0;170;680;186;0;160;710;107;0;500;730;192;30;620;760;30;420;590;710;274;30;590;760;1500;180;580;380;1165;560;0;2865;26;11;2018;R;42;5820;3032;E0:85:C6:A8:ED:F2
10:04:49.886;113;126780;770;20350;266;0;90;720;146;0;160;720;176;0;140;720;104;10;190;700;188;30;610;770;26;410;570;720;280;40;580;770;1360;170;613;370;1150;570;0;2866;26;11;2018;R;42;5820;3032;E0:85:C6:A8:ED:F2
10:04:50.780;114;127900;760;21470;226;0;90;720;142;0;160;710;164;0;100;720;91;0;150;690;162;20;600;760;31;400;580;710;316;20;580;760;1360;160;586;360;1165;570;0;2867;26;11;2018;R;42;5820;3032;E0:85:C6:A8:ED:F2
10:04:52.112;115;129020;760;22590;214;0;160;710;130;0;170;680;164;0;150;710;77;0;470;690;204;20;600;760;24;410;570;700;278;20;580;760;1265;170;655;360;1105;570;0;2868;26;11;2018;R;42;5820;3032;E0:85:C6:A8:ED:F2
10:04:53.035;116;130140;770;23710;216;0;160;730;130;0;160;690;162;0;160;740;73;0;150;690;174;20;620;770;39;330;580;730;356;20;590;770;1265;170;730;330;1215;590;0;2869;26;11;2018;R;42;5820;3032;E0:85:C6:A8:ED:F2
10:04:54.454;117;131250;760;24820;238;0;180;720;142;0;190;710;174;0;170;720;67;10;160;710;158;30;590;760;45;390;570;710;408;30;580;760;1310;180;710;370;1310;570;0;2870;26;11;2018;R;42;5820;3032;E0:85:C6:A8:ED:F2
10:04:55.487;118;132340;790;25910;228;0;180;750;140;0;190;750;162;0;180;760;59;10;150;750;154;30;630;790;49;400;600;750;414;30;610;790;1265;180;750;370;1330;600;0;2871;26;11;2018;R;42;5820;3032;E0:85:C6:A8:ED:F2
10:04:56.624;119;133480;790;27050;222;0;180;750;140;0;180;740;156;0;180;750;74;10;500;720;184;30;640;790;39;410;600;740;368;30;610;790;1245;180;705;370;1300;600;0;2872;26;11;2018;R;42;5820;3032;E0:85:C6:A8:ED:F2
10:04:57.584;120;134640;790;28210;212;0;170;740;124;0;180;700;160;0;170;740;76;0;170;710;188;40;630;790;35;430;590;730;350;40;600;790;1210;180;710;370;1260;600;0;2873;26;11;2018;R;42;5820;3032;E0:85:C6:A8:ED:F2
10:04:59.148;121;135790;790;29360;208;0;180;750;125;0;190;720;152;0;170;750;100;0;510;730;212;30;640;790;29;450;600;740;292;30;610;780;1215;190;690;390;1210;600;0;2874;26;11;2018;R;42;5820;3028;E0:85:C6:A8:ED:F2
10:04:59.885;122;136950;780;30520;216;0;190;740;127;0;190;710;158;0;180;740;110;0;510;730;220;30;630;780;25;460;590;730;248;30;600;770;1220;190;765;380;1160;580;0;2875;26;11;2018;R;42;5820;3028;E0:85:C6:A8:ED:F2
10:05:00.998;123;138080;770;31650;218;0;180;770;130;0;190;700;168;0;180;730;79;0;160;700;216;30;620;770;28;410;580;730;304;40;590;770;1290;180;680;370;1190;580;0;2876;26;11;2018;R;42;5820;3028;E0:85:C6:A8:ED:F2
10:05:02.075;124;139210;720;32780;218;0;190;720;125;0;190;710;174;0;190;710;97;0;510;720;210;30;640;720;29;470;600;720;294;30;610;720;1260;190;740;370;1240;600;0;2877;26;11;2018;R;42;5820;3028;E0:85:C6:A8:ED:F2
10:05:03.285;125;140360;770;33930;228;0;170;720;130;0;170;690;174;0;160;730;90;0;490;700;200;30;620;770;32;430;590;720;306;30;590;770;1270;170;640;360;1185;580;0;2878;26;11;2018;R;42;5820;3028;E0:85:C6:A8:ED:F2
10:05:04.401;126;141480;760;35050;240;0;170;710;146;0;180;700;172;0;160;710;70;0;480;680;184;30;600;760;43;380;580;710;360;30;580;760;1310;170;645;360;1290;580;0;2879;26;11;2018;R;42;5820;3028;E0:85:C6:A8:ED:F2
10:05:05.796;127;142580;750;36150;228;0;180;750;138;0;190;680;168;0;170;720;70;0;500;680;158;30;580;750;46;410;590;720;393;30;600;750;1270;180;650;370;1330;590;0;2880;26;11;2018;R;42;5820;3028;E0:85:C6:A8:ED:F2
10:05:06.585;128;143670;750;37240;224;0;170;700;132;0;180;690;168;0;160;700;71;0;160;670;196;20;580;750;33;390;560;700;356;30;570;750;1255;170;650;350;1265;570;0;2881;26;11;2018;R;42;5820;3028;E0:85:C6:A8:ED:F2
10:05:07.668;129;144770;730;38340;236;0;170;720;140;0;170;650;172;0;160;680;75;0;450;660;212;20;580;730;29;390;550;680;320;30;560;730;1300;170;650;340;1240;550;0;2882;26;11;2018;R;42;5820;3028;E0:85:C6:A8:ED:F2
10:05:08.958;130;145840;730;39410;224;0;170;680;130;0;170;650;172;0;160;680;80;0;160;660;210;20;580;730;29;410;550;680;334;20;560;730;1310;160;610;350;1250;550;0;2883;26;11;2018;R;42;5820;3028;E0:85:C6:A8:ED:F2
10:05:10.007;131;146890;740;40460;228;0;140;690;138;0;160;650;178;0;150;690;86;10;180;670;214;30;580;740;24;400;550;690;326;30;560;740;1380;170;571;350;1220;560;0;2884;26;11;2018;R;42;5820;3024;E0:85:C6:A8:ED:F2
10:05:10.893;132;147980;740;590;224;0;170;690;142;0;180;690;170;0;160;690;70;0;160;660;198;30;580;740;30;370;540;700;370;30;560;740;1350;180;640;360;1255;560;0;2885;26;11;2018;R;42;5820;3024;E0:85:C6:A8:ED:F2
10:05:12.018;133;149050;800;1660;236;0;190;760;138;0;200;760;162;0;190;770;63;10;170;760;144;50;620;800;53;410;620;770;405;50;630;800;1270;200;725;390;1310;620;0;2886;26;11;2018;R;42;5820;3024;E0:85:C6:A8:ED:F2
10:05:13.380;134;150210;790;2820;232;0;170;750;138;10;180;710;172;0;170;750;87;10;510;710;156;30;640;790;43;420;610;750;334;40;610;790;1300;180;725;370;1225;550;0;2887;26;11;2018;R;42;5820;3024;E0:85:C6:A8:ED:F2
10:05:14.301;135;151350;770;3960;252;0;180;730;164;0;180;720;154;0;160;730;76;0;490;690;140;30;590;770;41;420;590;740;352;30;600;770;1330;180;705;360;1195;580;0;2888;26;11;2018;R;42;5820;3024;E0:85:C6:A8:ED:F2
10:05:15.433;136;152470;780;5080;228;0;170;740;156;0;170;700;158;0;170;740;91;0;480;700;156;20;600;780;35;400;610;740;314;30;610;780;1300;170;685;340;1160;590;0;2889;26;11;2018;R;42;5820;3024;E0:85:C6:A8:ED:F2
10:05:16.732;137;153670;780;6280;200;0;180;750;117;0;190;690;156;0;180;750;78;0;200;710;174;30;630;780;39;390;600;740;382;30;610;780;1205;190;765;380;1290;610;0;2890;26;11;2018;R;42;5820;3024;E0:85:C6:A8:ED:F2
10:05:18.036;138;154830;810;7440;222;0;190;770;128;0;200;760;156;0;180;770;59;10;170;760;142;30;620;810;50;390;620;770;432;30;630;810;1180;190;770;380;1330;620;0;2891;26;11;2018;R;42;5820;3028;E0:85:C6:A8:ED:F2
10:05:18.998;139;155920;890;8530;218;0;270;850;122;10;280;810;160;0;280;850;95;10;610;830;232;140;740;890;31;570;700;840;276;140;700;880;1210;290;720;470;1225;700;0;2892;26;11;2018;R;42;5820;3024;E0:85:C6:A8:ED:F2
10:05:20.602;140;157200;800;9810;220;0;190;790;125;0;200;750;164;0;180;760;61;10;160;700;138;40;620;800;57;360;610;760;456;40;620;800;1205;190;765;350;1380;610;0;2893;26;11;2018;R;42;5820;3024;E0:85:C6:A8:ED:F2
10:05:21.552;141;158380;780;10990;216;0;170;740;132;0;180;690;160;0;170;740;83;0;490;710;172;30;630;780;44;380;600;740;346;30;600;780;1240;180;705;350;1265;590;0;2894;26;11;2018;R;42;5820;3024;E0:85:C6:A8:ED:F2
10:05:22.728;142;159540;780;12150;220;0;170;730;134;0;180;690;162;0;170;730;68;0;500;700;182;30;620;780;32;380;580;730;322;30;590;780;1245;180;735;360;1200;580;0;2895;26;11;2018;R;42;5820;3024;E0:85:C6:A8:ED:F2
10:05:23.650;143;160660;790;13270;220;0;170;750;126;0;170;710;164;0;170;750;78;0;190;720;198;40;640;790;31;380;590;740;318;40;600;790;1240;180;735;360;1170;600;0;2896;26;11;2018;R;42;5820;3024;E0:85:C6:A8:ED:F2
10:05:24.783;144;161820;770;14430;212;0;150;720;128;0;170;690;160;0;150;720;79;0;190;690;208;30;610;770;27;390;570;720;308;40;590;770;1260;180;685;360;1195;580;0;2897;26;11;2018;R;42;5820;3024;E0:85:C6:A8:ED:F2
10:05:26.357;145;162950;800;15560;212;0;200;760;126;0;200;720;162;0;200;760;103;10;520;750;244;40;650;800;18;500;610;740;236;50;620;790;1310;200;730;380;1170;610;0;2898;26;11;2018;R;42;5820;3024;E0:85:C6:A8:ED:F2
10:05:27.654;146;164110;790;16720;216;0;200;780;120;10;200;740;174;0;190;780;110;10;530;770;218;40;670;790;20;510;620;760;226;50;630;790;1265;200;810;360;1120;560;0;2899;26;11;2018;R;42;5820;3024;E0:85:C6:A8:ED:F2
10:05:28.602;147;165300;790;17910;216;0;180;740;136;0;180;710;162;0;180;740;102;10;490;730;194;40;630;790;21;470;590;740;250;50;600;780;1280;180;745;370;1095;550;0;2900;26;11;2018;R;42;5820;3028;E0:85:C6:A8:ED:F2
10:05:29.489;148;166460;820;19070;196;0;180;770;116;0;180;770;150;0;180;780;88;0;190;740;182;30;650;820;27;420;620;770;290;30;630;820;1225;190;790;370;1135;610;0;2901;26;11;2018;R;42;5820;3028;E0:85:C6:A8:ED:F2
10:05:30.920;149;167660;840;20270;198;0;190;800;128;0;200;750;148;0;180;800;69;10;520;750;142;40;650;840;29;480;640;800;332;60;650;840;1220;200;855;370;1145;620;0;2902;26;11;2018;R;42;5820;3028;E0:85:C6:A8:ED:F2
10:05:32.093;150;168890;990;21500;176;0;220;950;106;10;240;940;136;0;220;950;57;10;210;900;134;50;780;990;39;170;750;950;336;70;760;990;1110;250;965;400;1145;740;0;2903;26;11;2018;R;42;5820;3024;E0:85:C6:A8:ED:F2
10:05:33.367;151;170300;850;22910;200;0;170;820;117;0;180;790;152;0;180;790;85;0;220;800;202;30;700;850;30;400;650;820;286;40;650;850;1205;200;890;350;1180;640;0;2904;26;11;2018;R;42;5820;3024;E0:85:C6:A8:ED:F2
10:05:34.749;152;171680;850;24290;276;0;130;800;152;0;150;770;160;0;140;800;69;10;220;780;196;50;710;850;45;390;650;810;334;10;650;850;1330;190;815;380;1245;650;0;2905;26;11;2018;R;42;5820;3024;E0:85:C6:A8:ED:F2
10:05:35.948;153;172980;750;25590;292;0;80;740;168;10;80;700;168;10;120;700;96;0;170;700;122;30;550;740;66;140;560;710;453;0;570;750;1460;140;616;330;1340;560;0;2906;26;11;2018;R;42;5820;3024;E0:85:C6:A8:ED:F2
10:05:37.566;154;174150;770;26760;232;0;80;730;130;0;130;730;162;0;130;740;95;0;170;730;176;20;630;770;33;370;580;740;336;30;590;770;1420;160;604;330;1180;580;0;2907;26;11;2018;R;42;5820;3024;E0:85:C6:A8:ED:F2
10:05:38.250;155;175290;740;27900;264;0;70;690;150;0;80;660;186;0;140;690;92;0;170;670;208;20;580;740;22;410;550;690;302;20;560;740;1490;150;532;350;1195;550;0;2908;26;11;2018;R;42;5820;3024;E0:85:C6:A8:ED:F2
10:05:39.320;156;176350;750;28960;204;0;150;700;125;10;160;690;180;0;140;700;88;10;130;700;176;30;550;750;29;380;560;700;358;30;580;750;1380;160;634;350;1185;560;0;2909;26;11;2018;R;42;5820;3024;E0:85:C6:A8:ED:F2
10:05:40.710;157;177460;710;30070;252;0;90;660;150;0;160;660;186;0;100;670;65;0;120;660;156;20;530;710;37;350;520;670;423;20;540;710;1480;150;607;320;1270;530;0;2910;26;11;2018;R;42;5820;3024;E0:85:C6:A8:ED:F2
10:05:41.476;158;178500;750;31110;228;0;150;690;152;0;150;650;184;0;140;690;78;0;150;660;184;10;570;750;27;400;550;690;358;20;570;750;1430;160;613;350;1230;550;0;2911;26;11;2018;R;42;5820;3028;E0:85:C6:A8:ED:F2
10:05:42.802;159;179600;750;32210;242;0;180;700;154;10;180;700;178;0;170;710;64;0;130;700;154;30;570;750;46;320;570;720;459;30;580;750;1440;170;705;350;1370;570;0;2912;26;11;2018;R;42;5820;3028;E0:85:C6:A8:ED:F2
10:05:44.274;160;180720;770;33330;212;0;160;720;134;0;170;680;164;0;160;710;88;0;490;710;260;30;610;770;15;440;560;710;242;40;580;760;1340;180;631;380;1135;560;0;2913;26;11;2018;R;42;5820;3028;E0:85:C6:A8:ED:F2
10:05:44.804;161;181820;750;34430;242;0;160;700;152;0;170;700;186;0;150;710;71;10;130;700;162;30;550;750;37;350;550;710;417;40;570;750;1430;160;610;330;1300;560;0;2914;26;11;2018;R;42;5820;3028;E0:85:C6:A8:ED:F2
10:05:45.945;162;182930;780;35540;282;0;150;730;176;0;160;720;200;0;160;730;77;0;160;690;180;10;610;780;38;370;570;730;356;30;590;780;1530;160;634;350;1235;570;0;2915;26;11;2018;R;42;5820;3028;E0:85:C6:A8:ED:F2
10:05:47.729;163;184080;770;36690;250;0;180;720;154;0;190;710;178;0;160;720;63;0;130;710;130;30;590;770;58;330;580;730;453;30;590;770;1350;180;760;360;1370;580;0;2916;26;11;2018;R;42;5820;3028;E0:85:C6:A8:ED:F2
10:05:48.440;164;185200;780;37810;222;0;170;740;134;0;180;690;168;0;160;750;61;0;150;700;150;30;600;780;48;370;590;740;435;30;600;780;1260;170;745;360;1340;590;0;2917;26;11;2018;R;42;5820;3028;E0:85:C6:A8:ED:F2
10:05:49.394;165;186360;790;38970;250;0;160;740;134;0;170;730;184;0;150;740;64;0;140;680;116;20;630;790;63;350;570;740;501;20;590;790;1340;160;785;340;1410;580;0;2918;26;11;2018;R;42;5820;3028;E0:85:C6:A8:ED:F2
10:05:50.724;166;187500;780;40110;218;0;170;730;125;0;180;690;164;0;170;730;66;0;180;700;228;20;620;780;29;390;580;720;362;20;590;780;1255;180;628;380;1280;590;0;2919;26;11;2018;R;42;5820;3032;E0:85:C6:A8:ED:F2
10:05:52.184;167;188630;770;280;246;0;180;730;142;0;180;700;184;0;170;730;69;10;160;700;180;30;610;770;44;400;590;730;372;30;600;770;1360;180;705;360;1320;590;0;2920;26;11;2018;R;42;5820;3032;E0:85:C6:A8:ED:F2
10:05:53.391;168;189730;790;1380;206;0;200;750;118;0;200;750;158;0;190;760;72;10;210;710;168;50;630;790;42;350;600;750;414;50;620;790;1165;210;700;390;1300;610;0;2921;26;11;2018;R;42;5820;3032;E0:85:C6:A8:ED:F2
10:05:53.914;169;190890;770;2540;220;0;180;730;132;0;190;730;178;0;180;740;77;10;170;690;168;30;600;770;45;380;580;730;423;30;600;770;1310;180;665;370;1370;580;0;2922;26;11;2018;R;42;5820;3028;E0:85:C6:A8:ED:F2
10:05:55.669;170;192030;770;3680;232;0;180;720;134;0;180;710;180;0;170;720;67;0;160;680;160;30;590;770;44;370;580;730;414;30;590;770;1320;170;735;350;1320;580;0;2923;26;11;2018;R;42;5820;3028;E0:85:C6:A8:ED:F2
10:05:56.198;171;193160;780;4810;228;0;180;740;134;0;190;700;178;0;170;740;70;0;160;710;174;30;620;780;43;400;600;740;374;30;610;780;1290;180;730;380;1310;600;0;2924;26;11;2018;R;42;5820;3028;E0:85:C6:A8:ED:F2
10:05:57.331;172;194280;790;5930;230;0;200;730;144;10;200;730;168;0;180;730;58;10;150;730;140;40;600;790;50;340;580;740;426;40;590;790;1310;190;740;380;1280;590;0;2925;26;11;2018;R;42;5820;3028;E0:85:C6:A8:ED:F2
10:05:58.657;173;195410;770;7060;240;0;180;720;148;0;180;720;182;0;170;730;68;0;160;680;152;20;590;770;44;390;580;720;387;30;590;770;1380;180;710;360;1280;580;0;2926;26;11;2018;R;42;5820;3028;E0:85:C6:A8:ED:F2
10:05:59.526;174;196530;740;8180;242;0;160;690;154;0;170;690;176;0;150;700;61;0;130;650;162;20;560;740;48;350;560;700;390;30;570;740;1400;160;670;340;1290;550;0;2927;26;11;2018;R;42;5820;3028;E0:85:C6:A8:ED:F2
10:06:01.101;175;197640;770;9290;236;0;180;720;148;0;190;690;178;0;170;720;69;0;150;690;164;30;590;770;37;390;580;730;356;30;590;770;1370;180;710;360;1230;580;0;2928;26;11;2018;R;42;5820;3028;E0:85:C6:A8:ED:F2
10:06:02.024;176;198760;780;10410;230;0;180;730;144;0;190;720;176;0;170;730;69;10;170;690;154;30;600;780;44;380;600;740;374;30;610;780;1320;190;695;380;1250;600;0;2929;26;11;2018;R;42;5820;3028;E0:85:C6:A8:ED:F2
10:06:03.074;177;199890;820;11540;228;0;200;720;144;0;200;720;174;0;180;730;60;10;150;680;110;30;570;780;63;350;590;750;477;40;600;820;1340;200;800;370;1350;590;0;2930;26;11;2018;R;42;5820;3024;E0:85:C6:A8:ED:F2
10:06:04.468;178;201020;760;12670;248;0;100;720;144;0;160;680;186;0;130;720;72;0;150;680;176;20;580;760;35;370;560;720;382;20;580;760;1370;160;670;350;1265;560;0;2931;26;11;2018;R;42;5820;3024;E0:85:C6:A8:ED:F2
10:06:05.580;179;202140;760;13790;236;0;100;710;136;0;170;700;184;0;150;710;77;0;140;710;160;20;580;760;46;350;570;710;432;20;580;760;1390;160;690;340;1340;570;0;2932;26;11;2018;R;42;5820;3024;E0:85:C6:A8:ED:F2
10:06:06.308;180;203260;770;14910;228;0;170;720;136;0;180;720;174;0;160;730;57;0;150;680;170;20;590;770;41;360;570;720;450;20;590;770;1330;180;655;350;1360;580;0;2933;26;11;2018;R;42;5820;3024;E0:85:C6:A8:ED:F2
10:06:07.470;181;204400;790;16050;232;0;180;740;132;0;190;740;174;0;170;750;58;0;150;690;142;20;590;790;55;360;590;750;492;30;610;790;1300;180;705;350;1420;600;0;2934;26;11;2018;R;42;5820;3024;E0:85:C6:A8:ED:F2
10:06:08.635;182;205560;800;17210;230;0;190;760;127;0;190;750;178;0;180;760;69;10;170;710;152;30;640;800;59;380;610;750;471;30;620;800;1280;180;695;370;1440;620;0;2935;26;11;2018;R;42;5820;3024;E0:85:C6:A8:ED:F2
10:06:09.755;183;206720;760;18370;244;0;190;760;150;0;190;730;176;0;180;760;77;10;520;730;172;30;660;760;52;400;630;760;399;30;640;760;1330;190;700;370;1380;630;0;2936;26;11;2018;R;42;5820;3024;E0:85:C6:A8:ED:F2
10:06:12.067;184;207910;810;19560;222;0;170;760;121;0;180;740;166;0;170;770;89;0;510;750;226;30;660;810;28;440;610;760;308;30;620;810;1215;180;765;370;1245;620;0;2937;26;11;2018;R;42;5820;3024;E0:85:C6:A8:ED:F2
10:06:12.392;185;209100;810;20750;214;0;170;770;122;0;190;730;168;0;170;770;79;0;520;740;202;30;660;810;33;400;610;760;330;30;620;810;1225;190;760;380;1255;620;0;2938;26;11;2018;R;42;5820;3028;E0:85:C6:A8:ED:F2
10:06:13.387;186;210290;810;21940;228;0;190;780;134;0;200;770;166;0;180;780;62;0;160;770;156;30;640;810;51;390;620;770;396;30;630;810;1240;190;775;370;1310;620;0;2939;26;11;2018;R;42;5820;3028;E0:85:C6:A8:ED:F2
10:06:14.696;187;211470;840;23120;204;0;180;790;114;0;190;760;160;0;180;800;89;0;210;770;210;40;670;840;29;290;620;790;302;40;640;840;1225;200;770;360;1175;630;0;2940;26;11;2018;R;42;5820;3028;E0:85:C6:A8:ED:F2
10:06:15.915;188;212680;940;24330;192;0;220;890;110;0;220;880;152;0;220;890;83;0;490;900;144;70;750;940;30;550;740;890;276;70;750;940;1125;220;930;380;1160;520;0;2941;26;11;2018;R;42;5820;3028;E0:85:C6:A8:ED:F2
10:06:17.719;189;214080;800;25730;202;0;590;800;108;10;590;800;154;0;590;800;68;10;620;790;73;0;800;800;0;0;0;0;95;0;800;800;1080;610;985;790;1080;610;0;2942;26;11;2018;R;42;5820;3024;E0:85:C6:A8:ED:F2
