App Software v2018_38-8-g44e8-dirty

App_time;Step_number;Insole_timer;Contact_time;ESW_timer;S0_force;S0_start_time;S0_max_time;S0_end_time;S1_force;S1_start_time;S1_max_time;S1_end_time;S2_force;S2_start_time;S2_max_time;S2_end_time;S3_force;S3_start_time;S3_max_time;S3_end_time;S4_force;S4_start_time;S4_max_time;S4_end_time;S5_force;S5_start_time;S5_max_time;S5_end_time;S6_force;S6_start_time;S6_max_time;S6_end_time;F1_force;F1_time;F2_force;F2_time;F3_force;F3_time;Warning_code;Lifetime_steps;Day;Month;Year;Left/Right;Size;Insole_id;Battery;MAC
10:45:10.480;1;0;1250;38860;158;0;290;1140;84;0;290;1130;152;0;300;1100;83;30;540;1100;26;440;1200;1200;0;0;0;0;128;580;990;1250;835;300;800;430;870;630;0;3443;26;11;2018;L;42;3867;2992;F4:9B:0B:3F:1D:F9
10:45:11.597;2;1870;700;40730;44;30;140;630;33;30;140;610;50;30;140;630;66;30;230;660;132;10;280;700;31;530;690;690;168;0;450;700;325;140;0;0;790;230;0;3444;26;11;2018;L;42;3867;2992;F4:9B:0B:3F:1D:F9
10:45:12.963;3;2950;740;850;89;10;150;720;56;10;150;680;85;10;150;690;37;20;210;670;34;70;210;720;30;620;740;740;160;0;370;740;780;250;0;0;700;370;0;3445;26;11;2018;L;42;3867;2992;F4:9B:0B:3F:1D:F9
10:45:14.610;4;3940;880;1840;66;30;560;790;40;30;150;780;67;30;150;770;30;30;150;750;47;0;210;860;46;10;210;790;200;0;220;880;755;580;710;460;900;220;0;3446;26;11;2018;L;42;3867;2992;F4:9B:0B:3F:1D:F9
10:45:16.572;5;5320;2220;3220;51;1150;2220;2220;31;1150;2220;2220;50;70;2220;2220;83;80;370;2220;156;130;2220;2220;51;1140;1300;2210;196;0;1310;2220;277;2220;0;0;890;1290;5;3447;26;11;2018;L;42;3867;2992;F4:9B:0B:3F:1D:F9
10:45:17.977;6;8250;690;6150;82;10;40;640;52;10;40;630;90;10;40;630;45;10;110;280;110;0;190;670;76;0;170;690;316;0;180;690;454;40;0;0;1215;150;0;3448;26;11;2018;L;42;3867;2996;F4:9B:0B:3F:1D:F9
10:45:19.395;7;9180;1190;7080;70;30;120;1070;40;40;130;240;89;0;120;1070;66;30;140;560;101;30;190;1150;42;540;1160;1160;350;0;920;1190;970;150;740;310;900;670;0;3449;26;11;2018;L;42;3867;2996;F4:9B:0B:3F:1D:F9
10:45:20.383;8;10540;700;8440;70;10;30;230;45;20;30;220;66;10;30;260;49;10;120;620;114;0;220;630;71;0;360;660;326;0;420;700;604;40;556;60;985;350;0;3450;26;11;2018;L;42;3867;2996;F4:9B:0B:3F:1D:F9
10:45:21.188;9;11510;640;9410;103;0;40;380;64;10;40;310;107;0;80;350;62;0;120;570;97;0;170;630;70;0;210;630;332;0;220;640;592;40;0;0;1280;140;0;3451;26;11;2018;L;42;3867;2996;F4:9B:0B:3F:1D:F9
10:45:22.411;10;12430;730;10330;88;30;70;390;56;30;70;320;84;30;70;620;52;0;160;640;105;10;200;700;51;40;220;680;306;0;550;730;502;70;0;0;1120;180;0;3452;26;11;2018;L;42;3867;2996;F4:9B:0B:3F:1D:F9
10:45:23.487;11;13460;970;11360;190;0;120;890;123;0;120;570;164;0;120;890;46;0;110;590;79;10;110;960;74;10;790;970;382;0;800;970;1540;120;745;330;1110;800;0;3453;26;11;2018;L;42;3867;2996;F4:9B:0B:3F:1D:F9
10:45:24.547;12;14780;720;12680;81;30;130;610;56;30;130;440;88;30;140;470;54;10;150;640;91;10;470;700;37;10;220;680;246;0;520;720;1020;160;690;370;730;500;0;3454;26;11;2018;L;42;3867;3000;F4:9B:0B:3F:1D:F9
10:45:25.500;13;15770;670;13670;58;10;40;560;39;10;120;280;54;10;120;580;37;20;170;480;86;60;330;670;58;0;250;660;284;0;360;670;262;40;0;0;890;360;0;3455;26;11;2018;L;42;3867;3000;F4:9B:0B:3F:1D:F9
10:45:26.436;14;16760;630;14660;80;20;110;600;51;30;120;360;79;20;110;600;46;0;130;360;77;0;180;610;66;0;240;620;340;0;240;630;445;120;0;0;1200;190;0;3456;26;11;2018;L;42;3867;3000;F4:9B:0B:3F:1D:F9
10:45:27.637;15;17660;720;15560;182;0;470;720;111;0;460;720;174;0;460;720;55;60;440;580;87;10;160;590;43;10;150;360;258;0;150;720;1220;460;665;320;1310;140;0;3457;26;11;2018;L;42;3867;3000;F4:9B:0B:3F:1D:F9
10:45:28.909;16;19150;700;17050;85;0;110;620;57;0;110;510;85;0;120;620;62;0;210;640;77;70;290;680;29;310;670;670;214;0;450;700;475;120;0;0;735;400;0;3458;26;11;2018;L;42;3867;3000;F4:9B:0B:3F:1D:F9
10:45:30.454;17;20100;710;18000;67;10;40;300;44;10;40;270;70;10;100;300;62;0;130;330;182;0;290;710;47;0;180;700;214;0;190;710;382;40;0;0;1065;170;0;3459;26;11;2018;L;42;3867;3000;F4:9B:0B:3F:1D:F9
10:45:32.112;18;22070;880;19970;53;30;130;720;36;30;130;740;73;10;130;730;59;0;130;780;72;0;230;840;61;0;220;820;234;0;220;880;397;130;0;0;1065;180;0;3460;26;11;2018;L;42;3867;3000;F4:9B:0B:3F:1D:F9
10:45:33.530;19;23370;1000;21270;118;0;150;810;63;0;140;760;144;0;450;930;89;10;270;990;124;130;840;1000;0;0;0;0;46;130;980;980;720;200;592;360;680;470;0;3461;26;11;2018;L;42;3867;3000;F4:9B:0B:3F:1D:F9
10:45:34.509;20;24730;710;22630;68;30;50;640;42;30;50;640;57;30;50;640;56;30;220;680;132;90;480;710;30;90;250;700;162;0;270;710;397;50;331;80;785;250;0;3462;26;11;2018;L;42;3867;3000;F4:9B:0B:3F:1D:F9
10:45:35.529;21;25720;740;23620;102;0;90;380;66;0;90;360;96;0;90;720;43;10;110;680;109;0;560;740;58;0;230;730;276;0;240;740;565;90;0;0;1015;150;0;3463;26;11;2018;L;42;3867;3000;F4:9B:0B:3F:1D:F9
10:45:36.624;22;26750;810;24650;91;10;50;710;52;20;50;280;91;10;50;710;46;10;120;730;93;0;170;760;82;10;260;780;378;0;260;810;436;50;0;0;1180;170;0;3464;26;11;2018;L;42;3867;3000;F4:9B:0B:3F:1D:F9
10:45:38.753;23;27860;1280;25760;144;10;70;1220;77;20;80;470;122;20;70;1220;41;30;430;1040;98;10;490;1200;34;20;670;1250;298;0;950;1280;990;80;680;280;995;900;0;3465;26;11;2018;L;42;3867;3004;F4:9B:0B:3F:1D:F9
10:45:39.888;24;29510;760;27410;53;20;140;680;37;20;140;290;51;20;140;680;24;30;150;690;56;80;280;730;58;0;320;740;260;0;340;760;268;140;0;0;835;320;0;3466;26;11;2018;L;42;3867;3004;F4:9B:0B:3F:1D:F9
10:45:41.676;25;31810;790;29710;97;20;60;680;62;20;60;310;85;20;60;710;52;0;150;720;125;0;600;790;57;10;220;770;258;0;240;790;517;60;0;0;1060;170;0;3467;26;11;2018;L;42;3867;3000;F4:9B:0B:3F:1D:F9
10:45:42.840;26;32940;720;30840;198;10;720;720;106;10;720;720;188;10;720;720;68;20;490;700;95;10;150;670;0;0;0;0;124;0;140;720;1155;720;670;330;1180;160;0;3468;26;11;2018;L;42;3867;3000;F4:9B:0B:3F:1D:F9
10:45:44.272;27;34470;720;32370;63;10;100;630;46;10;100;310;71;10;100;620;50;0;130;640;81;0;210;680;51;20;440;700;302;0;530;720;935;160;725;360;810;510;0;3469;26;11;2018;L;42;3867;3000;F4:9B:0B:3F:1D:F9
10:45:45.439;28;35480;770;33380;111;0;110;720;78;0;110;720;97;0;100;770;32;10;120;360;67;10;330;730;64;0;570;750;336;0;590;770;1075;170;695;480;875;590;0;3470;26;11;2018;L;42;3867;3000;F4:9B:0B:3F:1D:F9
10:45:47.089;29;36670;770;34570;294;0;60;770;218;10;60;770;252;0;60;770;90;20;500;770;142;20;630;770;34;20;60;640;170;10;60;770;2030;60;0;0;910;60;0;3471;26;11;2018;L;42;3867;3000;F4:9B:0B:3F:1D:F9
10:45:48.455;30;38450;810;36350;164;20;200;800;101;20;200;800;130;20;200;770;21;30;60;770;27;650;780;780;0;0;0;0;107;0;680;810;795;200;0;0;236;670;0;3472;26;11;2018;L;42;3867;3000;F4:9B:0B:3F:1D:F9
10:45:49.439;31;39560;780;37460;69;20;140;710;48;20;140;700;74;20;140;740;32;40;180;710;68;90;260;760;33;100;280;760;274;0;610;780;855;250;690;460;785;610;0;3473;26;11;2018;L;42;3867;3000;F4:9B:0B:3F:1D:F9
10:45:51.221;32;40650;920;38550;176;10;60;760;101;20;60;330;156;20;60;780;62;30;160;860;164;10;620;920;42;10;140;920;228;0;620;920;1235;150;735;350;895;620;0;3474;26;11;2018;L;42;3867;3000;F4:9B:0B:3F:1D:F9
10:45:51.876;33;41890;340;39790;184;0;340;340;103;0;120;340;180;0;120;340;46;60;120;320;54;60;120;310;0;0;0;0;97;0;110;340;1185;120;0;0;457;120;0;3475;26;11;2018;L;42;3867;3000;F4:9B:0B:3F:1D:F9
10:45:53.325;34;43330;870;270;94;0;150;780;59;10;150;670;99;0;170;780;37;20;480;800;90;100;640;870;43;700;860;860;222;20;680;870;800;230;616;430;675;620;0;3476;26;11;2018;L;42;3867;3000;F4:9B:0B:3F:1D:F9
10:45:54.309;35;44450;760;1390;78;20;50;330;49;20;50;310;83;10;50;680;48;30;160;700;89;40;430;760;60;0;310;750;266;0;330;760;388;50;0;0;895;250;0;3477;26;11;2018;L;42;3867;3000;F4:9B:0B:3F:1D:F9
10:45:55.482;36;45590;790;2530;124;20;60;690;77;20;60;310;110;20;60;690;42;30;180;720;95;40;500;760;28;110;590;760;262;0;610;790;690;60;511;100;890;210;0;3478;26;11;2018;L;42;3867;2996;F4:9B:0B:3F:1D:F9
10:45:56.888;37;46720;960;3660;70;30;80;960;39;40;90;960;79;30;90;960;83;0;550;960;108;10;200;810;0;0;0;0;214;0;960;960;870;550;685;770;790;880;0;3479;26;11;2018;L;42;3867;2996;F4:9B:0B:3F:1D:F9
10:45:59.358;38;48570;1580;5510;90;10;40;1580;57;10;40;1570;72;10;40;1580;39;10;200;1580;55;70;290;1580;30;90;340;740;234;0;500;1570;469;40;433;70;775;290;0;3480;26;11;2018;L;42;3867;2996;F4:9B:0B:3F:1D:F9
10:46:01.010;39;50830;860;7770;116;10;60;700;69;20;60;430;115;10;60;790;42;20;140;830;218;0;650;860;49;10;190;850;248;0;200;860;720;60;0;0;1090;170;0;3481;26;11;2018;L;42;3867;2996;F4:9B:0B:3F:1D:F9
10:46:02.358;40;52030;1210;8970;184;10;70;1150;95;20;70;1150;160;20;70;1150;62;40;380;1150;130;30;530;1180;19;40;1180;1180;194;0;950;1210;1025;80;785;280;900;650;0;3482;26;11;2018;L;42;3867;2996;F4:9B:0B:3F:1D:F9
10:46:04.511;41;53650;1740;10590;58;40;60;1670;41;40;150;1270;55;40;140;1710;18;40;160;1690;87;100;1740;1740;60;10;320;1740;322;0;360;1740;280;150;0;0;860;310;0;3483;26;11;2018;L;42;3867;3000;F4:9B:0B:3F:1D:F9
10:46:05.668;42;55700;850;12640;56;0;130;790;37;0;130;430;63;0;130;790;22;80;190;430;72;10;240;820;32;70;240;820;304;0;650;850;855;230;665;440;810;650;0;3484;26;11;2018;L;42;3867;2996;F4:9B:0B:3F:1D:F9
10:46:07.316;43;56900;990;13840;90;0;90;990;50;0;990;990;110;0;990;990;86;50;430;990;172;40;570;990;0;0;0;0;83;50;920;920;905;890;634;620;885;460;0;3485;26;11;2018;L;42;3867;2996;F4:9B:0B:3F:1D:F9
10:46:09.146;44;59050;980;15990;123;0;210;880;74;10;230;520;114;0;220;880;44;50;290;900;130;110;710;980;19;160;610;960;246;100;760;980;845;290;700;450;890;730;0;3486;26;11;2018;L;42;3867;2996;F4:9B:0B:3F:1D:F9
10:46:11.576;45;60490;1960;17430;72;0;1280;1590;48;10;1280;1540;69;10;1280;1950;53;1260;1410;1960;150;130;1900;1960;52;90;390;1900;308;10;420;1910;770;1400;88;800;855;390;0;3487;26;11;2018;L;42;3867;2996;F4:9B:0B:3F:1D:F9
10:46:13.551;46;63100;1320;20040;96;10;700;1300;64;10;690;1260;113;10;690;1300;63;110;660;1100;71;90;660;1270;38;1180;1320;1320;206;0;1100;1320;870;700;0;0;940;690;0;3488;26;11;2018;L;42;3867;2996;F4:9B:0B:3F:1D:F9
10:46:14.922;47;64930;860;21870;152;0;180;780;94;0;180;780;132;0;180;770;31;20;550;790;37;520;840;840;38;710;830;830;194;10;690;860;820;210;604;400;631;560;0;3489;26;11;2018;L;42;3867;2992;F4:9B:0B:3F:1D:F9
10:46:16.239;48;66120;880;23060;142;0;160;830;84;10;160;830;142;0;170;820;59;20;460;840;79;30;670;880;32;750;880;880;172;20;730;880;975;190;715;360;785;490;0;3490;26;11;2018;L;42;3867;2996;F4:9B:0B:3F:1D:F9
10:46:17.636;49;67320;1080;24260;125;0;260;990;63;70;260;850;122;50;260;990;81;80;600;1040;150;80;830;1080;0;0;0;0;140;60;890;1080;815;280;725;390;825;660;0;3491;26;11;2018;L;42;3867;2996;F4:9B:0B:3F:1D:F9
10:46:20.055;50;68990;960;25930;180;0;680;960;97;0;680;960;168;0;680;960;48;60;440;960;66;0;180;960;0;0;0;0;56;0;140;960;975;680;631;210;805;110;0;3492;26;11;2018;L;42;3867;2996;F4:9B:0B:3F:1D:F9
10:46:21.641;51;70980;1520;27920;67;20;70;1510;52;20;1410;1510;74;20;1410;1490;79;0;270;1520;106;0;570;1520;31;870;1020;1520;200;40;830;1520;785;1520;62;1040;760;560;0;3493;26;11;2018;L;42;3867;2996;F4:9B:0B:3F:1D:F9
10:46:23.621;52;73650;820;30590;142;0;70;740;73;10;70;530;136;0;70;740;57;20;210;780;138;20;580;820;25;670;800;800;146;10;610;820;875;190;660;320;735;440;0;3494;26;11;2018;L;42;3867;2996;F4:9B:0B:3F:1D:F9
10:46:25.394;53;74820;1430;31760;55;0;40;1430;31;0;40;1430;60;0;40;1430;39;0;130;1430;109;0;470;1430;39;10;210;840;250;0;530;1430;835;200;735;380;835;530;0;3495;26;11;2018;L;42;3867;2996;F4:9B:0B:3F:1D:F9
10:46:27.538;54;77520;820;34460;103;0;60;730;63;10;130;650;97;0;160;730;41;20;200;740;71;90;580;820;34;660;800;800;184;10;630;820;795;200;628;350;660;520;0;3496;26;11;2018;L;42;3867;3000;F4:9B:0B:3F:1D:F9
10:46:28.590;55;78600;840;35540;67;20;60;750;43;20;70;290;73;20;110;800;48;0;150;770;98;0;590;820;41;30;210;820;250;0;670;840;935;200;604;450;800;650;0;3497;26;11;2018;L;42;3867;3000;F4:9B:0B:3F:1D:F9
10:46:29.824;56;79740;940;36680;144;0;180;870;85;10;190;740;130;0;190;870;31;580;760;760;47;410;650;920;42;740;910;910;262;40;710;940;770;230;541;440;592;680;0;3498;26;11;2018;L;42;3867;3000;F4:9B:0B:3F:1D:F9
10:46:31.827;57;81020;1560;37960;188;0;120;1560;115;0;120;1560;176;0;130;1560;102;50;500;1540;220;40;810;1560;0;0;0;0;101;60;1470;1560;1195;130;680;810;1015;1410;0;3499;26;11;2018;L;42;3867;3000;F4:9B:0B:3F:1D:F9
10:46:34.118;58;83310;1540;40250;124;0;160;1540;73;10;170;1540;101;10;170;1540;27;100;1540;1540;40;150;660;1540;28;760;900;1450;172;10;690;1540;745;280;0;0;634;690;0;3500;26;11;2018;L;42;3867;3000;F4:9B:0B:3F:1D:F9
10:46:36.068;59;85620;860;1600;87;20;100;800;59;20;110;330;88;20;110;860;38;70;180;410;98;10;230;860;38;0;210;860;182;0;260;860;571;110;0;0;920;210;0;3501;26;11;2018;L;42;3867;3004;F4:9B:0B:3F:1D:F9
10:46:37.207;60;86840;1190;2820;148;10;590;1150;88;20;590;1140;142;10;580;1140;43;40;570;1000;42;20;570;1080;0;0;0;0;148;0;950;1190;965;590;860;690;895;830;0;3502;26;11;2018;L;42;3867;3004;F4:9B:0B:3F:1D:F9
10:46:39.301;61;88380;1750;4360;116;20;1280;1610;81;20;1280;1550;136;20;1290;1690;96;1170;1380;1750;196;10;1750;1750;41;30;260;1750;314;0;650;1750;1185;1320;104;900;870;650;0;3503;26;11;2018;L;42;3867;3000;F4:9B:0B:3F:1D:F9
10:46:41.309;62;90690;1410;6670;98;0;1210;1410;64;0;1210;1410;108;0;1210;1410;41;10;200;1410;119;80;360;1410;30;620;780;1410;290;20;1350;1410;613;1210;0;0;1055;1310;0;3504;26;11;2018;L;42;3867;3000;F4:9B:0B:3F:1D:F9
10:46:42.901;63;92600;1030;8580;0;0;0;0;0;0;0;0;0;0;0;0;0;0;0;0;119;0;370;980;59;140;740;1000;346;0;770;1030;0;0;0;0;915;740;0;3505;26;11;2018;L;42;3867;3004;F4:9B:0B:3F:1D:F9
10:46:44.001;64;93950;870;9930;99;0;150;810;64;0;150;820;97;0;160;800;63;20;260;820;132;20;640;870;35;710;850;850;178;20;680;870;810;250;650;410;720;640;0;3506;26;11;2018;L;42;3867;3004;F4:9B:0B:3F:1D:F9
10:46:45.429;65;95160;1090;11140;140;10;140;1030;90;10;140;1030;138;0;140;1030;46;10;140;1010;94;0;600;1050;46;660;830;1000;256;0;640;1090;1075;160;660;390;785;560;0;3507;26;11;2018;L;42;3867;3004;F4:9B:0B:3F:1D:F9
10:46:46.649;66;96370;1000;12350;116;0;150;920;71;0;160;810;109;0;160;920;48;120;520;980;81;140;790;1000;0;0;0;0;108;10;810;1000;795;290;0;0;598;810;0;3508;26;11;2018;L;42;3867;3004;F4:9B:0B:3F:1D:F9
10:46:48.296;67;97700;860;13680;72;10;50;800;45;10;130;800;77;10;140;790;43;30;490;810;72;80;620;860;34;20;210;850;156;0;250;860;547;140;0;0;830;250;0;3509;26;11;2018;L;42;3867;3004;F4:9B:0B:3F:1D:F9
10:46:49.841;68;99180;1280;15160;112;0;180;1030;59;20;180;940;142;0;440;1030;81;70;230;1260;136;80;1030;1280;0;0;0;0;30;90;1260;1260;850;200;565;350;690;470;0;3510;26;11;2018;L;42;3867;3004;F4:9B:0B:3F:1D:F9
10:46:51.050;69;100810;940;16790;106;0;70;820;59;20;190;840;98;10;190;910;95;30;620;910;132;40;730;940;0;0;0;0;146;30;240;940;562;70;436;110;865;210;0;3511;26;11;2018;L;42;3867;3004;F4:9B:0B:3F:1D:F9
10:46:52.784;70;102030;1010;18010;64;30;70;790;38;30;80;710;80;20;170;980;103;10;500;980;206;0;790;1010;19;40;160;980;92;0;160;1010;950;220;765;420;865;660;0;3512;26;11;2018;L;42;3867;3004;F4:9B:0B:3F:1D:F9
10:46:54.439;71;103520;760;19500;79;20;70;680;44;20;70;680;84;10;70;680;53;0;180;700;80;0;210;740;44;30;550;750;250;0;580;760;945;210;790;400;840;500;0;3513;26;11;2018;L;42;3867;3004;F4:9B:0B:3F:1D:F9
10:46:56.777;72;104650;2160;20630;69;0;100;2160;42;0;100;2160;68;0;120;2160;47;10;2000;2160;98;20;420;2160;51;20;500;2040;374;20;880;2070;334;120;0;0;1095;880;5;3514;26;11;2018;L;42;3867;3000;F4:9B:0B:3F:1D:F9
10:46:57.444;73;107510;740;23490;78;20;130;640;52;30;140;410;90;20;140;540;50;30;180;450;93;10;230;710;40;10;240;710;234;0;530;740;559;140;0;0;1000;210;0;3515;26;11;2018;L;42;3867;3000;F4:9B:0B:3F:1D:F9
10:46:59.606;74;108510;1890;24490;80;40;1410;1890;46;40;1370;1890;80;40;1410;1890;44;10;150;1890;111;10;220;1890;61;20;230;1890;302;0;600;1890;397;1410;0;0;1070;190;0;3516;26;11;2018;L;42;3867;3000;F4:9B:0B:3F:1D:F9
10:47:01.170;75;111060;900;27040;148;0;200;820;81;0;190;810;132;0;220;860;65;50;460;820;73;380;720;900;17;530;660;880;172;10;690;900;755;230;715;330;770;440;0;3517;26;11;2018;L;42;3867;3000;F4:9B:0B:3F:1D:F9
10:47:02.400;76;112330;770;28310;82;0;40;700;51;0;110;690;75;0;110;740;60;70;410;740;188;70;610;770;0;0;0;0;150;0;220;760;815;210;520;490;553;570;0;3518;26;11;2018;L;42;3867;3000;F4:9B:0B:3F:1D:F9
10:47:03.303;77;113350;740;29330;92;10;50;630;55;20;60;290;103;10;80;690;76;0;130;650;113;0;170;740;44;10;500;720;264;0;540;740;1180;140;685;350;880;520;0;3519;26;11;2018;L;42;3867;3000;F4:9B:0B:3F:1D:F9
10:47:04.836;78;114520;780;30500;150;0;120;720;96;10;120;550;138;0;130;720;44;10;150;490;60;10;180;750;47;30;490;740;352;0;490;780;1170;150;830;360;975;480;0;3520;26;11;2018;L;42;3867;3000;F4:9B:0B:3F:1D:F9
10:47:05.893;79;115540;1030;31520;184;0;600;1030;106;0;600;1030;148;0;600;1030;0;0;0;0;0;0;0;0;0;0;0;0;80;10;330;1020;795;600;670;520;700;450;0;3521;26;11;2018;L;42;3867;3000;F4:9B:0B:3F:1D:F9
10:47:07.223;80;117030;870;33010;134;0;200;780;83;20;200;680;122;20;200;790;73;30;520;830;89;420;680;870;0;0;0;0;146;40;700;870;805;220;0;0;660;690;0;3522;26;11;2018;L;42;3867;3000;F4:9B:0B:3F:1D:F9
10:47:08.297;81;118210;860;34190;78;0;180;770;46;10;300;770;89;0;190;770;38;30;230;800;55;110;620;830;32;540;830;830;260;20;680;860;775;290;680;480;730;630;0;3523;26;11;2018;L;42;3867;3000;F4:9B:0B:3F:1D:F9
10:47:09.428;82;119380;820;35360;108;0;130;730;68;0;130;640;113;0;150;730;51;10;180;760;83;20;580;820;39;650;810;810;198;10;630;820;870;180;628;390;685;530;0;3524;26;11;2018;L;42;3867;3000;F4:9B:0B:3F:1D:F9
10:47:12.018;83;120480;2310;36460;52;50;130;2280;28;60;180;2070;60;40;130;2220;27;60;220;2310;83;50;510;2310;49;1140;1360;1360;354;0;1010;2310;262;180;0;0;915;1010;5;3525;26;11;2018;L;42;3867;3000;F4:9B:0B:3F:1D:F9
10:47:13.496;84;123420;840;39400;100;0;120;780;62;0;130;660;99;0;140;780;53;20;480;800;70;100;630;840;40;700;840;840;182;10;670;840;750;210;655;350;720;480;0;3526;26;11;2018;L;42;3867;3000;F4:9B:0B:3F:1D:F9
10:47:14.689;85;124570;890;40550;65;20;60;770;37;20;60;260;67;20;60;730;46;30;180;830;87;80;250;860;40;700;870;870;222;0;400;890;361;60;0;0;700;290;0;3527;26;11;2018;L;42;3867;3000;F4:9B:0B:3F:1D:F9
10:47:15.870;86;125820;820;840;106;0;120;780;73;0;120;740;106;0;120;790;110;0;600;820;136;10;720;820;43;0;160;390;200;0;160;820;840;120;0;0;1205;160;0;3528;26;11;2018;L;42;3867;3000;F4:9B:0B:3F:1D:F9
10:47:18.573;87;127350;1680;2370;190;180;560;1670;96;180;560;1630;123;160;380;1680;89;180;1680;1680;50;0;100;1680;0;0;0;0;75;140;560;1620;825;560;0;0;220;560;0;3529;26;11;2018;L;42;3867;3000;F4:9B:0B:3F:1D:F9
10:47:20.112;88;129680;540;4700;54;10;40;280;19;20;40;200;69;10;40;280;62;0;120;540;156;0;200;540;0;0;0;0;21;30;150;280;451;40;0;0;655;150;0;3530;26;11;2018;L;42;3867;3004;F4:9B:0B:3F:1D:F9
10:47:21.501;89;131000;700;6020;110;0;90;460;62;10;100;370;116;0;100;620;68;10;150;640;112;10;540;700;40;30;240;680;218;10;260;700;730;100;0;0;1110;190;0;3531;26;11;2018;L;42;3867;3004;F4:9B:0B:3F:1D:F9
10:47:23.856;90;133030;1270;8050;32;0;960;1130;0;0;0;0;39;580;970;1130;84;620;750;1270;87;630;1110;1270;0;0;0;0;0;0;0;0;364;970;0;0;535;990;0;3532;26;11;2018;L;42;3867;3004;F4:9B:0B:3F:1D:F9
10:47:25.036;91;134600;640;9620;154;10;80;590;91;10;80;560;156;0;80;620;105;0;130;590;114;10;160;640;30;80;220;630;182;0;220;640;1320;140;0;0;1280;220;0;3533;26;11;2018;L;42;3867;3004;F4:9B:0B:3F:1D:F9
10:47:26.831;92;136630;850;11650;212;0;110;850;126;0;110;850;182;0;110;850;40;50;100;850;50;60;200;850;0;0;0;0;89;50;220;850;1190;110;0;0;376;220;0;3534;26;11;2018;L;42;3867;3004;F4:9B:0B:3F:1D:F9
10:47:27.641;93;137760;410;12780;146;90;410;410;74;90;270;410;94;90;260;260;55;80;140;380;70;0;180;360;41;0;110;350;168;0;190;410;955;390;0;0;1020;140;0;3535;26;11;2018;L;42;3867;3004;F4:9B:0B:3F:1D:F9
10:47:29.474;94;138970;700;13990;54;0;130;620;30;10;130;420;63;0;140;630;62;60;210;670;112;50;290;700;20;160;300;690;160;0;360;700;355;130;0;0;840;280;0;3536;26;11;2018;L;42;3867;3004;F4:9B:0B:3F:1D:F9
10:47:32.663;95;141580;1830;16600;168;0;540;1830;94;0;490;1810;150;0;550;1820;57;90;620;1810;54;100;1830;1830;29;10;180;1830;104;10;1830;1830;875;510;810;380;895;240;0;3537;26;11;2018;L;42;3867;3004;F4:9B:0B:3F:1D:F9
10:47:33.702;96;143680;770;18700;78;20;240;690;46;30;220;690;85;20;230;690;31;80;210;720;50;80;570;750;36;10;580;740;198;0;610;770;493;240;0;0;785;240;0;3538;26;11;2018;L;42;3867;3004;F4:9B:0B:3F:1D:F9
10:47:34.753;97;144590;360;19610;0;0;0;0;0;0;0;0;0;0;0;0;22;0;120;270;41;0;160;360;30;0;140;350;107;0;140;360;0;0;0;0;412;140;0;3539;26;11;2018;L;42;3867;3000;F4:9B:0B:3F:1D:F9
10:47:36.403;98;145700;780;20720;83;150;580;780;40;150;560;780;106;110;570;780;80;100;480;770;100;10;370;770;43;10;170;730;168;0;170;740;895;530;710;330;895;210;0;3540;26;11;2018;L;42;3867;3000;F4:9B:0B:3F:1D:F9
10:47:37.219;99;147240;710;22260;127;0;180;690;71;10;190;690;111;0;180;650;32;80;370;690;45;560;710;710;28;600;700;700;110;10;580;710;705;190;0;0;286;570;0;3541;26;11;2018;L;42;3867;3000;F4:9B:0B:3F:1D:F9
10:47:39.480;100;148110;1540;23130;130;30;1320;1540;68;30;1300;1540;144;30;1310;1540;67;840;1220;1540;56;750;1000;1530;30;750;860;1440;118;0;860;1530;975;1300;760;1140;995;1000;0;3542;26;11;2018;L;42;3867;3000;F4:9B:0B:3F:1D:F9
10:47:40.563;101;150230;950;25250;60;200;360;690;41;200;330;540;80;200;390;790;95;200;440;930;112;210;560;950;0;0;0;0;39;0;110;950;775;420;0;0;616;560;0;3543;26;11;2018;L;42;3867;3000;F4:9B:0B:3F:1D:F9
10:47:42.281;102;151550;910;26570;60;0;100;910;36;0;100;910;79;0;110;910;74;0;120;910;168;0;200;910;31;0;130;910;146;0;440;910;508;110;0;0;1055;130;0;3544;26;11;2018;L;42;3867;3000;F4:9B:0B:3F:1D:F9
10:47:44.108;103;153830;840;28850;0;0;0;0;0;0;0;0;0;0;0;0;36;280;420;760;160;0;420;840;0;0;0;0;144;0;500;840;0;0;0;0;665;450;0;3545;26;11;2018;L;42;3867;3000;F4:9B:0B:3F:1D:F9
10:47:45.157;104;154900;980;29920;101;10;130;970;57;10;130;960;104;0;240;980;61;0;260;670;40;140;320;970;22;630;970;970;106;50;410;980;820;260;715;410;740;480;0;3546;26;11;2018;L;42;3867;3000;F4:9B:0B:3F:1D:F9
10:47:46.742;105;156290;620;31310;142;70;470;620;81;80;280;620;123;70;490;620;34;70;490;610;24;40;160;600;17;110;230;600;79;0;240;600;775;490;740;390;830;260;0;3547;26;11;2018;L;42;3867;3000;F4:9B:0B:3F:1D:F9
10:47:48.620;106;158490;750;33510;121;10;210;750;65;10;210;740;120;10;230;740;76;110;440;750;43;160;430;750;0;0;0;0;43;0;220;750;710;260;685;340;770;440;0;3548;26;11;2018;L;42;3867;3000;F4:9B:0B:3F:1D:F9
10:47:50.094;107;159420;1290;34440;64;0;700;1180;46;0;700;1130;74;0;710;1170;89;490;980;1270;87;560;940;1290;0;0;0;0;104;460;690;1280;710;710;0;0;810;740;0;3549;26;11;2018;L;42;3867;3000;F4:9B:0B:3F:1D:F9
10:47:52.325;108;160910;1150;35930;156;100;540;1150;68;130;540;1150;148;70;540;1150;72;70;300;1120;66;0;140;1110;19;0;110;1140;85;0;140;1150;875;540;616;220;640;180;0;3550;26;11;2018;L;42;3867;3000;F4:9B:0B:3F:1D:F9
10:47:53.435;109;163040;540;38060;180;50;190;540;98;50;180;520;146;50;180;540;43;40;150;490;28;40;130;490;23;40;140;280;75;0;140;500;1025;170;0;0;364;140;0;3551;26;11;2018;L;42;3867;3000;F4:9B:0B:3F:1D:F9
10:47:56.459;110;165200;1740;40220;112;10;60;1730;63;10;60;1040;102;10;50;1740;36;20;160;1740;49;30;200;1680;41;40;280;1050;208;0;290;1700;655;60;583;90;890;220;0;3552;26;11;2018;L;42;3867;3000;F4:9B:0B:3F:1D:F9
10:47:59.875;111;168540;1930;2600;138;20;260;1930;63;30;260;1930;142;20;260;1930;50;40;260;1930;31;850;950;1930;0;0;0;0;58;0;1220;1930;770;260;46;950;457;1710;0;3553;26;11;2018;L;42;3867;3000;F4:9B:0B:3F:1D:F9
10:48:01.130;112;170830;890;4890;142;110;560;880;53;230;560;840;130;110;560;850;22;440;840;840;0;0;0;0;30;10;710;870;109;0;750;890;675;560;0;0;346;750;0;3554;26;11;2018;L;42;3867;3000;F4:9B:0B:3F:1D:F9
10:48:01.995;113;171960;730;6020;126;20;540;730;67;20;540;720;152;10;540;730;83;0;540;710;85;0;170;730;66;0;180;540;258;0;170;730;1085;540;765;350;1175;160;0;3555;26;11;2018;L;42;3867;3004;F4:9B:0B:3F:1D:F9
10:48:04.032;114;173710;560;7770;140;40;180;560;83;50;180;550;128;40;410;560;40;50;410;530;42;10;130;510;35;30;160;480;130;0;160;490;1045;170;0;0;740;150;0;3556;26;11;2018;L;42;3867;3004;F4:9B:0B:3F:1D:F9
10:48:05.139;115;174570;710;8630;124;80;430;710;63;110;170;710;109;110;170;710;68;70;160;700;82;0;110;700;31;10;130;470;98;0;110;690;755;410;705;320;990;170;0;3557;26;11;2018;L;42;3867;3004;F4:9B:0B:3F:1D:F9
10:48:06.336;116;175950;860;10010;114;0;350;810;60;0;320;810;132;0;470;810;60;130;470;840;77;120;710;860;26;730;850;850;66;550;710;860;750;470;0;0;421;710;0;3558;26;11;2018;L;42;3867;3004;F4:9B:0B:3F:1D:F9
10:48:08.186;117;177050;1060;11110;70;30;70;630;40;30;70;620;71;30;70;630;34;30;180;860;119;0;540;1060;49;10;210;830;230;0;550;1060;920;210;750;380;870;540;0;3559;26;11;2018;L;42;3867;3004;F4:9B:0B:3F:1D:F9
10:48:10.301;118;179500;830;13560;166;50;500;830;85;60;500;830;127;40;500;830;41;100;160;660;60;10;120;650;49;0;120;410;190;0;110;800;850;500;720;300;990;160;0;3560;26;11;2018;L;42;3867;3004;F4:9B:0B:3F:1D:F9
10:48:11.729;119;181170;1140;15230;68;0;410;1080;0;0;0;0;76;10;420;1080;66;130;570;1120;138;130;920;1140;28;990;1140;1140;106;90;960;1140;325;420;0;0;645;650;0;3561;26;11;2018;L;42;3867;3004;F4:9B:0B:3F:1D:F9
10:48:13.073;120;182620;580;16680;89;0;270;570;47;0;270;550;116;0;410;580;77;100;390;580;61;90;400;580;16;20;130;470;50;20;160;580;800;290;765;340;860;420;0;3562;26;11;2018;L;42;3867;3004;F4:9B:0B:3F:1D:F9
10:48:14.013;121;183990;600;18050;198;30;510;600;97;30;500;600;160;30;510;600;43;40;160;600;43;10;140;600;0;0;0;0;67;0;140;600;925;510;720;370;910;190;0;3563;26;11;2018;L;42;3867;3004;F4:9B:0B:3F:1D:F9
10:48:15.910;122;185060;970;19120;170;140;750;970;79;160;680;970;117;130;670;970;59;90;200;930;88;0;130;920;33;30;370;940;158;0;440;970;915;650;0;0;735;440;0;3564;26;11;2018;L;42;3867;3004;F4:9B:0B:3F:1D:F9
10:48:16.573;123;186370;840;20430;101;40;170;780;60;40;170;780;102;40;220;790;44;110;250;790;41;120;250;820;36;710;840;840;170;0;670;840;725;270;685;410;725;500;0;3565;26;11;2018;L;42;3867;3004;F4:9B:0B:3F:1D:F9
10:48:18.162;124;187440;840;21500;93;10;140;740;60;0;140;750;94;0;140;750;28;30;150;760;80;0;560;830;57;10;550;810;280;0;600;840;1025;200;740;410;900;600;0;3566;26;11;2018;L;42;3867;3004;F4:9B:0B:3F:1D:F9
10:48:22.147;125;190770;980;24830;150;0;250;940;81;0;240;950;136;0;250;920;55;70;530;940;73;440;770;980;21;620;750;970;188;60;790;980;770;250;740;340;780;460;0;3567;26;11;2018;L;42;3867;3004;F4:9B:0B:3F:1D:F9
10:48:23.750;126;192070;970;26130;56;20;50;790;37;20;160;710;62;20;160;790;52;40;660;840;108;40;660;970;21;110;240;840;174;0;260;970;391;160;0;0;830;260;0;3568;26;11;2018;L;42;3867;3004;F4:9B:0B:3F:1D:F9
10:48:24.317;127;193740;680;27800;39;0;260;680;0;0;0;0;40;20;260;680;0;0;0;0;0;0;0;0;0;0;0;0;0;0;0;0;126;260;0;0;0;0;0;3569;26;11;2018;L;42;3867;3004;F4:9B:0B:3F:1D:F9
10:48:26.484;128;195310;1290;29370;67;230;410;1290;24;300;410;1290;78;240;410;1290;49;240;410;1240;64;70;410;1290;0;0;0;0;87;0;180;1290;650;410;0;0;526;520;0;3570;26;11;2018;L;42;3867;3004;F4:9B:0B:3F:1D:F9
10:48:28.064;129;197290;870;31350;156;10;500;870;78;30;490;870;134;0;500;870;27;110;200;830;0;0;0;0;0;0;0;0;0;0;0;0;645;230;0;0;0;0;0;3571;26;11;2018;L;42;3867;3004;F4:9B:0B:3F:1D:F9
10:48:28.784;130;198590;740;32650;109;0;140;690;56;10;140;680;84;0;130;680;38;500;650;650;0;0;0;0;0;0;0;0;26;470;610;740;400;140;289;270;340;420;0;3572;26;11;2018;L;42;3867;3004;F4:9B:0B:3F:1D:F9
10:48:32.624;131;199980;1040;34040;119;20;610;1040;38;130;610;1040;132;0;610;1040;36;280;580;1040;45;20;390;1040;0;0;0;0;63;0;170;1040;725;610;0;0;259;390;0;3573;26;11;2018;L;42;3867;3004;F4:9B:0B:3F:1D:F9
10:48:36.698;133;203780;2610;37840;190;0;2460;2610;104;10;2450;2610;202;0;2450;2610;60;1640;1960;2610;38;1580;1970;2610;0;0;0;0;55;10;230;2590;1045;2430;1020;2360;1065;1980;5;3575;26;11;2018;L;42;3867;3004;F4:9B:0B:3F:1D:F9
10:48:40.795;136;209190;870;2290;116;170;590;870;47;170;550;870;130;160;590;870;72;90;320;850;64;20;120;820;0;0;0;0;66;0;110;580;755;590;685;450;745;340;0;3578;26;11;2018;L;42;3867;3004;F4:9B:0B:3F:1D:F9
10:48:44.808;138;212870;900;5970;128;140;610;900;61;130;590;890;136;140;610;900;78;90;280;870;72;10;290;840;0;0;0;0;65;0;100;790;810;590;655;420;775;290;0;3580;26;11;2018;L;42;3867;3000;F4:9B:0B:3F:1D:F9
10:48:48.954;140;216990;1820;10090;172;0;180;1820;86;0;180;1820;148;0;180;1820;80;1130;1310;1820;49;20;1310;1820;23;1140;1260;1770;66;0;1270;1640;765;180;114;750;980;1300;0;3582;26;11;2018;L;42;3867;3000;F4:9B:0B:3F:1D:F9
10:48:49.829;141;219140;750;12240;53;0;100;720;32;0;100;330;58;0;110;720;62;0;200;680;130;60;510;750;31;20;220;740;136;0;580;750;790;220;645;390;675;570;0;3583;26;11;2018;L;42;3867;3000;F4:9B:0B:3F:1D:F9
10:48:51.912;142;221030;930;14130;92;0;140;890;53;0;150;890;95;0;150;890;63;80;500;770;117;40;730;930;32;770;920;920;180;30;710;930;765;230;680;380;815;540;0;3584;26;11;2018;L;42;3867;3000;F4:9B:0B:3F:1D:F9
10:48:52.692;143;222330;870;15430;140;0;400;800;77;0;400;770;148;0;390;800;55;50;380;780;49;50;690;870;0;0;0;0;90;30;720;870;935;400;0;0;424;720;0;3585;26;11;2018;L;42;3867;3000;F4:9B:0B:3F:1D:F9
10:48:53.861;144;223350;1030;16450;170;10;390;1030;76;10;390;1030;166;10;390;1030;47;90;380;930;42;0;580;980;0;0;0;0;66;0;810;1030;935;390;0;0;256;110;0;3586;26;11;2018;L;42;3867;3000;F4:9B:0B:3F:1D:F9
10:48:55.712;145;224880;1140;17980;182;280;590;1140;93;280;590;1140;142;230;590;1140;0;0;0;0;47;0;200;1100;0;0;0;0;21;1010;1130;1130;680;590;0;0;92;200;0;3587;26;11;2018;L;42;3867;3004;F4:9B:0B:3F:1D:F9
10:48:59.345;147;227870;1130;20970;108;0;250;840;61;0;250;760;106;0;250;820;40;650;860;860;49;840;1120;1120;0;0;0;0;84;10;720;1130;586;250;0;0;212;720;0;3589;26;11;2018;L;42;3867;3004;F4:9B:0B:3F:1D:F9
10:49:03.663;149;232130;1040;25230;136;0;320;960;74;10;320;940;123;0;320;960;52;150;580;940;44;450;780;1030;37;860;1030;1030;174;30;820;1040;715;360;675;440;745;650;0;3591;26;11;2018;L;42;3867;3004;F4:9B:0B:3F:1D:F9
10:49:07.699;151;236710;830;29810;172;0;310;830;97;10;310;830;154;0;310;810;36;590;780;780;24;620;820;820;0;0;0;0;62;60;700;830;760;310;660;440;700;560;0;3593;26;11;2018;L;42;3867;3004;F4:9B:0B:3F:1D:F9
10:49:11.634;153;239520;1120;32620;154;0;410;1070;79;10;410;1070;136;0;410;1070;33;760;1060;1060;0;0;0;0;32;980;1110;1110;136;80;940;1120;655;410;0;0;289;940;0;3595;26;11;2018;L;42;3867;3000;F4:9B:0B:3F:1D:F9
10:49:15.819;155;243190;360;36290;48;20;360;360;0;0;0;0;73;20;360;360;54;0;150;360;86;0;260;360;0;0;0;0;0;0;0;0;514;360;0;0;436;260;0;3597;26;11;2018;L;42;3867;3000;F4:9B:0B:3F:1D:F9
10:49:16.241;156;245770;500;38870;103;50;470;470;36;160;470;470;118;0;470;470;0;0;0;0;18;20;230;230;0;0;0;0;1;500;500;500;448;500;0;0;40;500;0;3598;26;11;2018;L;42;3867;2996;F4:9B:0B:3F:1D:F9
10:49:19.843;157;248100;1330;240;170;0;420;1260;84;0;420;1230;160;0;410;1210;54;10;390;1040;0;0;0;0;0;0;0;0;31;970;1110;1330;850;420;0;0;76;1110;0;3599;26;11;2018;L;42;3867;2996;F4:9B:0B:3F:1D:F9
10:49:28.121;159;256290;1130;8430;116;170;370;1110;66;0;0;0;119;170;370;1120;38;40;370;1120;49;0;830;1130;45;1010;1130;1130;176;0;970;1130;815;340;0;0;705;660;0;3601;26;11;2018;L;42;3867;2996;F4:9B:0B:3F:1D:F9
10:49:28.333;160;257440;1130;9580;87;170;370;1110;0;0;0;0;104;170;370;1120;63;40;370;1120;69;0;830;1130;31;1010;1130;1130;123;0;970;1130;631;370;0;0;640;720;0;3602;26;11;2018;L;42;3867;2996;F4:9B:0B:3F:1D:F9
10:49:32.118;162;260330;930;12470;93;0;930;930;32;10;230;930;122;10;930;930;86;120;620;930;123;200;680;930;0;0;0;0;75;130;550;810;619;930;433;820;785;610;0;3604;26;11;2018;L;42;3867;2996;F4:9B:0B:3F:1D:F9
10:49:32.647;163;261940;710;14080;254;0;350;710;92;0;60;670;154;0;70;700;11;10;30;150;0;0;0;0;0;0;0;0;0;0;0;0;795;70;0;0;0;0;0;3605;26;11;2018;L;42;3867;2996;F4:9B:0B:3F:1D:F9
10:49:36.186;165;264600;1370;16740;82;20;90;1370;51;0;90;1370;101;20;230;1370;77;0;220;1320;106;10;200;1370;25;30;910;1370;125;0;910;1370;1015;220;765;390;885;910;0;3607;26;11;2018;L;42;3867;2996;F4:9B:0B:3F:1D:F9
10:49:40.208;167;268950;970;21090;152;20;630;940;83;20;620;940;146;20;620;940;40;40;210;930;65;40;230;910;49;0;770;960;180;0;280;970;995;620;820;400;945;250;0;3609;26;11;2018;L;42;3867;2996;F4:9B:0B:3F:1D:F9
10:49:40.740;168;270260;920;22400;105;0;190;870;65;0;190;870;126;0;480;870;92;50;480;910;64;130;710;920;31;790;920;920;113;50;750;920;885;480;0;0;645;740;0;3610;26;11;2018;L;42;3867;2996;F4:9B:0B:3F:1D:F9
10:49:44.404;170;273100;790;25240;76;10;140;720;51;10;140;720;74;10;270;720;28;20;230;740;46;110;550;780;43;10;520;780;200;0;620;790;457;270;0;0;780;260;0;3612;26;11;2018;L;42;3867;2996;F4:9B:0B:3F:1D:F9
10:49:44.801;171;274070;1260;26210;68;10;120;1260;46;20;120;1260;74;10;130;1260;43;20;140;1260;81;0;230;1260;66;0;270;1260;260;0;290;1260;391;130;0;0;1005;220;0;3613;26;11;2018;L;42;3867;2996;F4:9B:0B:3F:1D:F9
10:49:48.484;173;277740;820;29880;65;0;50;750;37;0;40;750;60;0;180;750;64;20;210;770;99;20;240;800;34;80;620;810;196;20;640;820;322;40;234;80;885;230;0;3615;26;11;2018;L;42;3867;3000;F4:9B:0B:3F:1D:F9
10:49:52.512;176;281180;610;33320;50;30;140;540;34;30;140;470;49;30;140;540;35;40;180;560;62;80;240;610;58;40;310;600;266;0;360;610;252;140;0;0;840;240;0;3618;26;11;2018;L;42;3867;3000;F4:9B:0B:3F:1D:F9
10:49:52.742;177;282030;1240;34170;166;0;570;1240;83;0;570;1230;156;0;560;1240;53;40;540;1080;66;30;230;1200;32;1100;1240;1240;170;0;1020;1240;920;570;860;690;890;780;0;3619;26;11;2018;L;42;3867;3000;F4:9B:0B:3F:1D:F9
10:49:56.876;178;283610;2220;35750;68;250;1920;2220;70;0;1920;2220;104;120;1920;2220;60;100;1900;2220;134;0;630;2160;38;50;260;2170;272;30;710;2200;835;1920;72;920;760;660;5;3620;26;11;2018;L;42;3867;3000;F4:9B:0B:3F:1D:F9
App_time;Step_number;Insole_timer;Contact_time;ESW_timer;S0_force;S0_start_time;S0_max_time;S0_end_time;S1_force;S1_start_time;S1_max_time;S1_end_time;S2_force;S2_start_time;S2_max_time;S2_end_time;S3_force;S3_start_time;S3_max_time;S3_end_time;S4_force;S4_start_time;S4_max_time;S4_end_time;S5_force;S5_start_time;S5_max_time;S5_end_time;S6_force;S6_start_time;S6_max_time;S6_end_time;F1_force;F1_time;F2_force;F2_time;F3_force;F3_time;Warning_code;Lifetime_steps;Day;Month;Year;Left/Right;Size;Insole_id;Battery;MAC
10:45:11.149;1;0;1270;28190;210;0;470;1200;104;0;470;1200;150;0;460;1200;75;0;470;1200;79;0;920;1260;32;730;1080;1270;212;0;1080;1270;1080;470;0;0;840;1080;0;3734;26;11;2018;R;42;5820;3012;E0:85:C6:A8:ED:F2
10:45:12.820;2;1500;880;29690;107;10;130;840;77;10;130;780;61;10;130;380;65;10;270;850;170;10;450;880;44;0;290;870;206;0;370;880;508;130;0;0;1000;300;0;3735;26;11;2018;R;42;5820;3012;E0:85:C6:A8:ED:F2
10:45:15.262;3;3630;1200;31820;188;20;810;1200;117;0;810;1200;92;20;570;1140;39;0;180;1140;52;0;180;690;19;30;600;1180;103;0;860;1200;955;810;890;680;920;600;0;3736;26;11;2018;R;42;5820;3012;E0:85:C6:A8:ED:F2
10:45:16.637;4;6030;660;34220;78;10;120;590;60;10;120;590;48;10;120;600;29;10;120;370;75;0;210;630;62;0;210;620;348;0;230;660;370;120;0;0;1145;170;0;3737;26;11;2018;R;42;5820;3012;E0:85:C6:A8:ED:F2
10:45:17.465;5;6940;640;35130;55;10;40;620;38;20;40;280;38;10;40;360;38;20;130;590;113;0;260;640;70;0;220;640;350;0;240;640;228;40;0;0;1090;220;0;3738;26;11;2018;R;42;5820;3012;E0:85:C6:A8:ED:F2
10:45:18.474;6;7890;700;36080;77;10;40;500;51;10;40;260;54;10;40;250;44;10;140;630;126;0;200;700;75;10;210;650;324;0;200;650;346;40;0;0;1180;170;0;3739;26;11;2018;R;42;5820;3012;E0:85:C6:A8:ED:F2
10:45:20.611;7;9200;1210;37390;38;20;70;1210;28;20;180;1210;19;20;60;1210;23;20;190;1210;54;20;280;1200;71;0;370;1160;318;0;370;1210;152;70;0;0;950;340;0;3740;26;11;2018;R;42;5820;3012;E0:85:C6:A8:ED:F2
10:45:21.728;8;11120;710;39310;116;0;80;650;80;0;90;330;85;0;90;340;73;0;130;320;122;0;540;710;49;0;170;660;278;0;180;710;720;90;0;0;1340;140;0;3741;26;11;2018;R;42;5820;3016;E0:85:C6:A8:ED:F2
10:45:23.100;9;12070;1130;40260;134;10;120;1060;91;10;120;1050;80;20;120;1000;73;10;180;1000;188;10;530;850;37;0;190;990;200;0;210;1130;1190;160;705;370;830;500;0;3742;26;11;2018;R;42;5820;3012;E0:85:C6:A8:ED:F2
10:45:24.031;10;13330;810;560;118;0;220;740;71;10;260;740;72;10;210;720;35;40;220;690;46;90;550;770;35;220;600;780;244;60;610;810;720;280;675;400;735;590;0;3743;26;11;2018;R;42;5820;3016;E0:85:C6:A8:ED:F2
10:45:25.266;11;14410;750;1640;81;20;120;690;58;20;120;690;52;20;120;690;37;20;140;420;83;0;200;730;46;10;450;720;286;0;560;750;955;210;755;420;825;560;0;3744;26;11;2018;R;42;5820;3016;E0:85:C6:A8:ED:F2
10:45:26.020;12;15380;740;2610;61;10;40;700;45;10;40;300;39;10;40;290;41;10;150;680;120;0;250;730;54;0;250;720;306;0;270;740;259;40;0;0;1020;220;0;3745;26;11;2018;R;42;5820;3016;E0:85:C6:A8:ED:F2
10:45:26.980;13;16370;710;3600;103;10;40;640;69;10;40;650;77;10;40;380;66;10;130;660;148;0;240;710;58;0;190;650;336;0;200;710;538;40;0;0;1380;160;0;3746;26;11;2018;R;42;5820;3016;E0:85:C6:A8:ED:F2
10:45:28.410;14;17600;910;4830;178;30;450;860;94;40;350;850;130;50;450;840;86;90;480;890;110;70;750;910;26;550;720;880;166;0;730;910;1035;470;0;0;930;740;0;3747;26;11;2018;R;42;5820;3016;E0:85:C6:A8:ED:F2
10:45:30.325;15;18750;1260;5980;51;40;1260;1260;30;40;1260;1260;28;40;1260;1260;27;20;180;1260;90;0;270;1260;69;0;420;1260;314;0;270;1260;190;1260;0;0;965;250;0;3748;26;11;2018;R;42;5820;3016;E0:85:C6:A8:ED:F2
10:45:31.341;16;20670;770;7900;60;20;140;770;48;20;140;740;38;20;140;730;36;20;140;720;101;0;590;770;45;10;270;770;270;0;290;770;277;140;0;0;905;230;0;3749;26;11;2018;R;42;5820;3016;E0:85:C6:A8:ED:F2
10:45:32.731;17;21820;910;9050;288;10;570;910;125;0;570;910;168;10;550;900;49;0;180;870;69;0;150;840;0;0;0;0;96;0;130;880;1175;570;850;250;960;160;0;3750;26;11;2018;R;42;5820;3016;E0:85:C6:A8:ED:F2
10:45:34.945;18;23250;1770;10480;132;60;180;1770;74;60;180;1730;91;20;190;1740;98;30;280;1750;180;20;730;1770;22;0;150;1770;248;20;1770;1770;895;230;640;650;685;710;0;3751;26;11;2018;R;42;5820;3016;E0:85:C6:A8:ED:F2
10:45:36.248;19;25370;750;12600;40;20;140;660;27;30;140;750;31;30;140;670;57;10;170;750;152;20;280;740;41;40;250;720;274;0;260;750;190;140;0;0;1070;230;0;3752;26;11;2018;R;42;5820;3016;E0:85:C6:A8:ED:F2
10:45:38.181;20;26170;1320;13400;103;0;350;910;71;0;350;890;80;0;340;920;120;280;440;1140;180;280;910;1320;28;270;480;640;162;290;500;1320;795;350;0;0;1300;460;0;3753;26;11;2018;R;42;5820;3016;E0:85:C6:A8:ED:F2
10:45:38.951;21;27940;990;15170;73;0;200;950;46;10;210;900;64;10;220;910;136;20;590;970;148;20;780;990;0;0;0;0;65;80;750;980;910;340;830;460;910;590;0;3754;26;11;2018;R;42;5820;3016;E0:85:C6:A8:ED:F2
10:45:40.165;22;29150;890;16380;54;10;170;890;38;20;170;650;33;20;160;790;47;20;160;780;86;0;230;780;65;0;420;890;332;0;390;890;240;170;0;0;1010;330;0;3755;26;11;2018;R;42;5820;3016;E0:85:C6:A8:ED:F2
10:45:41.120;23;30330;840;17560;52;30;140;800;40;30;140;380;37;30;140;390;44;20;150;800;140;0;640;840;48;0;240;800;258;0;270;840;262;140;0;0;955;220;0;3756;26;11;2018;R;42;5820;3016;E0:85:C6:A8:ED:F2
10:45:42.301;24;31530;840;18760;136;10;60;810;89;10;120;810;68;10;40;810;42;10;150;790;103;10;620;840;45;30;230;820;302;0;560;840;1085;170;645;410;870;570;0;3757;26;11;2018;R;42;5820;3016;E0:85:C6:A8:ED:F2
10:45:43.931;25;32710;1090;19940;110;0;480;1010;69;300;490;780;68;310;490;1010;57;340;570;1020;76;380;920;1090;37;330;900;1080;256;80;920;1090;935;570;655;780;785;920;0;3758;26;11;2018;R;42;5820;3020;E0:85:C6:A8:ED:F2
10:45:44.745;26;34120;700;21350;115;10;120;670;82;10;120;660;66;10;120;670;29;10;140;380;67;0;240;680;54;10;290;690;330;0;310;700;532;120;0;0;1075;210;0;3759;26;11;2018;R;42;5820;3020;E0:85:C6:A8:ED:F2
10:45:45.966;27;35210;720;22440;224;0;40;400;146;10;40;670;150;10;40;400;140;20;230;720;256;20;560;720;53;20;170;720;192;10;150;710;1310;40;940;80;1500;160;0;3760;26;11;2018;R;42;5820;3020;E0:85:C6:A8:ED:F2
10:45:47.893;28;36830;1020;24060;174;10;210;990;100;20;210;950;134;20;550;950;117;50;730;1010;158;100;850;1020;0;0;0;0;60;0;820;1010;1060;230;845;360;1105;560;0;3761;26;11;2018;R;42;5820;3020;E0:85:C6:A8:ED:F2
10:45:49.338;29;38150;830;25380;79;20;60;780;51;30;60;620;53;20;50;370;55;20;150;750;132;0;610;820;35;0;500;800;276;0;590;830;955;180;780;400;910;580;0;3762;26;11;2018;R;42;5820;3020;E0:85:C6:A8:ED:F2
10:45:49.946;30;39250;750;26480;61;10;170;680;36;30;160;690;36;20;170;690;29;20;60;430;73;0;330;690;57;0;240;700;318;0;310;750;256;170;0;0;1020;200;0;3763;26;11;2018;R;42;5820;3020;E0:85:C6:A8:ED:F2
10:45:51.358;31;40430;880;27660;212;0;360;880;117;0;360;880;160;0;360;850;62;10;320;860;53;10;100;850;0;0;0;0;68;10;110;880;1165;360;705;200;1005;110;0;3764;26;11;2018;R;42;5820;3020;E0:85:C6:A8:ED:F2
10:45:53.243;32;41650;1090;28880;144;50;230;1060;85;50;230;1010;102;60;240;1010;160;90;620;1080;172;90;930;1090;13;840;950;1070;72;0;890;1080;870;280;850;350;1075;590;0;3765;26;11;2018;R;42;5820;3020;E0:85:C6:A8:ED:F2
10:45:53.796;33;43090;760;30320;110;0;170;690;72;0;170;670;68;0;50;450;37;10;40;680;59;10;230;720;38;110;520;710;290;0;550;760;920;250;760;440;800;520;0;3766;26;11;2018;R;42;5820;3020;E0:85:C6:A8:ED:F2
10:45:54.955;34;44170;830;31400;81;0;60;780;61;0;70;330;54;0;50;620;60;0;120;740;174;0;560;830;58;10;160;800;308;0;170;830;460;60;0;0;1320;150;0;3767;26;11;2018;R;42;5820;3020;E0:85:C6:A8:ED:F2
10:45:56.051;35;45280;810;32510;101;20;70;810;66;20;70;810;72;20;120;810;76;0;630;810;144;0;550;810;31;10;400;810;198;0;420;810;1100;170;755;330;955;470;0;3768;26;11;2018;R;42;5820;3020;E0:85:C6:A8:ED:F2
10:45:58.017;36;46980;980;34210;166;10;550;950;98;10;220;920;134;20;550;910;102;40;570;960;119;80;800;980;0;0;0;0;104;0;780;980;1065;570;0;0;720;790;0;3769;26;11;2018;R;42;5820;3020;E0:85:C6:A8:ED:F2
10:45:59.163;37;48220;880;35450;77;20;160;820;54;20;160;680;58;20;160;450;59;20;180;780;106;0;670;870;31;90;600;840;266;0;670;880;950;250;730;500;830;670;0;3770;26;11;2018;R;42;5820;3020;E0:85:C6:A8:ED:F2
10:46:00.169;38;49410;790;36640;102;0;40;750;64;10;40;700;63;10;40;330;56;10;140;720;116;0;600;790;48;0;240;770;286;0;250;790;472;40;0;0;1065;200;0;3771;26;11;2018;R;42;5820;3020;E0:85:C6:A8:ED:F2
10:46:01.380;39;50600;820;37830;156;10;560;750;84;10;560;810;128;10;570;750;93;10;570;810;68;10;300;820;36;0;240;530;186;0;230;820;1095;570;700;460;900;280;0;3772;26;11;2018;R;42;5820;3020;E0:85:C6:A8:ED:F2
10:46:01.801;40;51560;170;38790;22;0;40;170;0;0;0;0;0;0;0;0;0;0;0;0;0;0;0;0;0;0;0;0;0;0;0;0;36;40;0;0;0;0;4;3773;26;11;2018;R;42;5820;3020;E0:85:C6:A8:ED:F2
10:46:03.231;41;52090;950;39320;158;0;210;920;94;10;210;920;99;10;220;920;106;110;520;910;152;100;740;950;20;20;840;930;118;0;620;950;920;510;0;0;860;790;0;3774;26;11;2018;R;42;5820;3020;E0:85:C6:A8:ED:F2
10:46:03.954;42;53290;700;40520;105;10;110;660;75;10;110;610;68;10;100;400;41;10;100;500;63;0;150;670;55;10;290;680;326;0;290;700;538;110;0;0;1105;170;0;3775;26;11;2018;R;42;5820;3020;E0:85:C6:A8:ED:F2
10:46:05.083;43;54320;790;590;82;0;40;730;54;0;120;700;51;0;40;700;39;0;140;730;78;10;560;760;46;80;580;760;328;10;600;790;484;40;424;70;940;590;0;3776;26;11;2018;R;42;5820;3020;E0:85:C6:A8:ED:F2
10:46:07.003;44;55450;1030;1720;158;10;60;790;106;10;60;800;99;10;60;770;93;30;630;860;162;0;670;1020;37;40;250;610;222;0;260;1030;975;70;825;100;1125;200;0;3777;26;11;2018;R;42;5820;3020;E0:85:C6:A8:ED:F2
10:46:08.671;45;57240;1260;3510;192;10;450;1230;110;20;450;1190;126;20;440;1190;55;170;680;1220;108;510;1040;1260;14;840;1000;1240;256;0;1030;1260;950;660;845;840;895;1000;0;3778;26;11;2018;R;42;5820;3020;E0:85:C6:A8:ED:F2
10:46:09.934;46;58890;1070;5160;146;0;240;1030;86;10;250;990;120;0;230;1030;84;20;250;1000;105;40;770;1060;36;240;810;1050;294;60;820;1070;1050;270;890;660;1000;790;0;3779;26;11;2018;R;42;5820;3016;E0:85:C6:A8:ED:F2
10:46:11.118;47;60180;870;6450;138;0;150;850;95;0;160;870;97;0;160;840;47;10;210;870;55;0;210;870;36;80;720;870;254;0;730;870;905;160;0;0;1115;210;0;3780;26;11;2018;R;42;5820;3016;E0:85:C6:A8:ED:F2
10:46:11.493;48;61280;130;7550;0;0;0;0;0;0;0;0;0;0;0;0;0;0;0;0;0;0;0;0;0;0;0;0;8;0;10;130;0;0;0;0;16;10;4;3781;26;11;2018;R;42;5820;3016;E0:85:C6:A8:ED:F2
10:46:13.165;49;61560;1070;7830;158;10;700;1060;87;10;700;1020;142;10;700;1050;97;0;310;1070;134;0;210;1070;19;0;150;320;112;0;150;940;1055;700;960;550;1065;190;0;3782;26;11;2018;R;42;5820;3016;E0:85:C6:A8:ED:F2
10:46:14.408;50;63310;1000;9580;119;10;190;970;75;20;190;930;98;20;200;930;124;40;530;990;182;10;830;1000;0;0;0;0;97;0;800;1000;1030;250;815;410;955;530;0;3783;26;11;2018;R;42;5820;3016;E0:85:C6:A8:ED:F2
10:46:15.499;51;64640;870;10910;96;20;150;820;67;30;160;700;65;30;70;810;37;30;190;460;92;0;270;850;50;40;600;840;364;0;630;870;945;200;885;420;1020;630;0;3784;26;11;2018;R;42;5820;3016;E0:85:C6:A8:ED:F2
10:46:16.710;52;65890;830;12160;113;0;40;830;70;0;40;370;75;0;40;710;49;10;210;830;150;10;670;830;31;30;320;830;230;0;670;830;622;40;415;80;955;260;0;3785;26;11;2018;R;42;5820;3016;E0:85:C6:A8:ED:F2
10:46:18.984;53;67300;1140;13570;180;10;530;1070;104;20;530;1080;150;10;530;1070;108;20;560;1130;63;0;580;1140;17;0;180;490;105;0;170;1130;1280;540;915;320;965;230;0;3786;26;11;2018;R;42;5820;3016;E0:85:C6:A8:ED:F2
10:46:20.726;54;68960;1460;15230;186;30;290;1420;101;30;260;1370;156;40;520;1370;136;70;1080;1450;168;60;1260;1460;0;0;0;0;31;0;120;1440;1045;510;960;620;1045;760;0;3787;26;11;2018;R;42;5820;3016;E0:85:C6:A8:ED:F2
10:46:21.899;55;70830;1060;17100;73;30;230;1010;48;40;230;820;50;40;230;830;57;40;290;990;86;60;370;1050;44;150;710;1040;312;0;730;1060;920;350;815;530;875;710;0;3788;26;11;2018;R;42;5820;3016;E0:85:C6:A8:ED:F2
10:46:23.036;56;72120;910;18390;121;0;140;870;85;0;140;530;86;0;160;580;70;0;420;850;168;0;710;910;36;0;170;870;204;0;520;910;1215;170;830;340;985;470;0;3789;26;11;2018;R;42;5820;3016;E0:85:C6:A8:ED:F2
10:46:24.527;57;73370;850;19640;134;0;70;790;81;10;180;800;91;0;60;720;51;10;50;800;63;10;590;820;46;60;620;820;310;10;630;850;740;70;720;90;975;210;0;3790;26;11;2018;R;42;5820;3016;E0:85:C6:A8:ED:F2
10:46:25.944;58;74560;820;20830;51;10;60;690;37;10;70;290;31;10;60;660;38;20;200;780;142;0;640;820;39;30;250;750;250;0;520;820;915;250;835;370;905;560;0;3791;26;11;2018;R;42;5820;3016;E0:85:C6:A8:ED:F2
10:46:27.471;59;75870;1030;22140;168;0;240;1000;102;10;230;990;122;10;240;880;125;40;590;980;142;30;850;1030;14;680;800;1000;152;30;820;1030;985;250;870;370;1090;590;0;3792;26;11;2018;R;42;5820;3016;E0:85:C6:A8:ED:F2
10:46:29.407;60;78310;880;24580;91;10;50;820;57;10;50;690;64;10;40;330;38;10;180;450;105;10;270;850;44;80;350;850;322;0;390;880;550;50;442;80;1030;360;0;3793;26;11;2018;R;42;5820;3016;E0:85:C6:A8:ED:F2
10:46:31.540;61;79580;1190;25850;136;0;60;770;87;10;60;770;88;0;50;670;58;10;60;390;136;0;640;1180;45;0;530;870;296;0;610;1190;975;60;755;110;1040;230;0;3794;26;11;2018;R;42;5820;3016;E0:85:C6:A8:ED:F2
10:46:32.816;62;81540;1160;27810;192;0;600;1120;107;10;220;1090;166;10;600;1090;130;80;870;1150;168;60;990;1160;0;0;0;0;71;20;960;1150;1200;600;0;0;750;980;0;3795;26;11;2018;R;42;5820;3020;E0:85:C6:A8:ED:F2
10:46:33.915;63;83000;900;29270;86;0;170;840;57;0;170;810;49;0;170;810;29;0;260;820;62;10;370;880;45;90;670;880;286;0;690;900;397;170;0;0;940;430;0;3796;26;11;2018;R;42;5820;3020;E0:85:C6:A8:ED:F2
10:46:35.038;64;84150;870;30420;47;40;70;830;30;40;70;840;30;40;70;830;34;50;200;450;125;0;360;860;43;60;290;850;278;0;330;870;194;70;0;0;950;300;0;3797;26;11;2018;R;42;5820;3020;E0:85:C6:A8:ED:F2
10:46:36.312;65;85340;410;31610;107;0;70;400;64;0;70;390;72;0;70;400;75;20;260;410;122;20;330;330;18;130;330;330;160;20;380;410;574;70;358;110;930;330;0;3798;26;11;2018;R;42;5820;3020;E0:85:C6:A8:ED:F2
10:46:37.845;66;86550;1270;32820;98;0;580;1210;55;300;560;1180;59;310;590;1170;41;320;660;1180;89;340;1010;1270;41;320;980;1240;212;270;1060;1270;457;590;0;0;875;880;0;3799;26;11;2018;R;42;5820;3020;E0:85:C6:A8:ED:F2
10:46:39.054;67;88160;760;34430;104;0;130;670;69;10;130;670;79;0;150;670;62;0;190;470;73;0;230;740;48;20;550;730;258;0;570;760;970;200;740;420;835;550;0;3800;26;11;2018;R;42;5820;3020;E0:85:C6:A8:ED:F2
10:46:40.548;68;89240;850;35510;90;10;70;830;59;20;70;380;64;20;110;760;49;0;160;700;121;0;640;850;42;30;590;850;250;0;670;850;1010;180;720;410;880;660;0;3801;26;11;2018;R;42;5820;3020;E0:85:C6:A8:ED:F2
10:46:41.227;69;90380;810;36650;57;20;140;760;42;30;140;480;39;30;140;730;53;20;210;770;202;0;620;810;42;10;210;760;210;0;220;810;307;140;0;0;945;210;0;3802;26;11;2018;R;42;5820;3020;E0:85:C6:A8:ED:F2
10:46:42.154;70;91400;720;37670;172;0;430;720;91;0;400;720;144;0;440;720;92;10;400;720;79;0;180;660;29;40;130;410;226;0;130;720;1080;410;645;260;1280;130;0;3803;26;11;2018;R;42;5820;3020;E0:85:C6:A8:ED:F2
10:46:43.407;71;92430;930;38700;53;30;70;880;36;30;210;820;36;30;210;820;52;130;300;840;117;100;670;930;36;120;720;900;262;0;730;930;940;300;700;500;865;710;0;3804;26;11;2018;R;42;5820;3020;E0:85:C6:A8:ED:F2
10:46:44.772;72;93700;830;39970;99;20;150;780;67;20;150;450;62;20;150;780;38;20;200;450;86;20;290;820;51;0;560;810;292;0;570;830;970;230;780;450;875;570;0;3805;26;11;2018;R;42;5820;3020;E0:85:C6:A8:ED:F2
10:46:46.272;73;94830;980;140;108;0;200;900;70;10;200;900;65;0;210;890;70;20;370;920;112;20;450;970;31;110;790;970;184;20;790;980;650;200;0;0;965;360;0;3806;26;11;2018;R;42;5820;3020;E0:85:C6:A8:ED:F2
10:46:47.186;74;96220;920;1530;74;0;40;820;49;0;600;820;57;0;590;820;63;0;220;820;86;10;260;890;31;90;730;880;182;0;740;920;487;610;0;0;880;310;0;3807;26;11;2018;R;42;5820;3020;E0:85:C6:A8:ED:F2
10:46:48.698;75;97450;1100;2760;226;0;910;1100;115;0;820;1100;158;0;490;1100;66;0;490;1080;58;0;140;1050;0;0;0;0;58;0;120;1090;1110;790;710;240;785;150;0;3808;26;11;2018;R;42;5820;3020;E0:85:C6:A8:ED:F2
10:46:50.235;76;99370;820;4680;204;0;240;810;112;0;220;810;98;0;240;810;24;0;40;770;15;480;620;820;34;430;670;820;228;0;670;820;805;240;0;0;625;670;0;3809;26;11;2018;R;42;5820;3020;E0:85:C6:A8:ED:F2
10:46:51.946;77;100600;780;5910;152;0;300;770;89;0;310;740;109;0;300;750;46;0;290;760;55;50;330;780;49;280;610;780;334;50;620;780;1030;330;895;470;975;600;0;3810;26;11;2018;R;42;5820;3020;E0:85:C6:A8:ED:F2
10:46:53.152;78;101900;980;7210;196;0;360;910;107;10;360;930;130;10;310;920;88;10;710;970;82;30;840;980;0;0;0;0;110;40;840;980;1065;680;0;0;562;840;0;3811;26;11;2018;R;42;5820;3020;E0:85:C6:A8:ED:F2
10:46:54.966;79;103160;980;8470;192;0;590;850;100;0;580;850;148;0;600;850;90;10;600;930;59;10;780;980;31;0;210;590;142;0;200;980;1170;600;840;390;970;240;0;3812;26;11;2018;R;42;5820;3020;E0:85:C6:A8:ED:F2
10:46:56.109;80;104850;980;10160;192;0;290;890;107;0;280;900;111;0;470;900;54;140;550;910;74;390;780;980;29;580;760;960;232;0;780;980;795;290;770;370;875;530;0;3813;26;11;2018;R;42;5820;3020;E0:85:C6:A8:ED:F2
10:46:56.976;81;106120;770;11430;81;10;130;720;52;10;140;720;54;10;130;720;38;20;180;450;80;30;260;740;48;100;380;740;306;0;390;770;355;130;0;0;940;280;0;3814;26;11;2018;R;42;5820;3020;E0:85:C6:A8:ED:F2
10:46:58.164;82;107150;740;12460;68;10;40;690;47;10;120;300;51;10;120;400;66;10;150;680;146;0;280;740;41;0;270;710;248;0;310;740;316;40;0;0;1015;220;0;3815;26;11;2018;R;42;5820;3020;E0:85:C6:A8:ED:F2
10:46:59.294;83;108200;1020;13510;100;20;110;640;69;20;110;490;67;20;110;390;61;20;160;400;102;0;260;1010;61;0;300;720;302;0;300;1020;466;110;0;0;1085;220;0;3816;26;11;2018;R;42;5820;3020;E0:85:C6:A8:ED:F2
10:47:00.453;84;109350;1040;14660;164;30;870;1040;91;120;870;1040;103;40;460;1040;89;40;430;1040;90;10;190;1000;16;510;740;1040;138;0;820;1040;1030;460;0;0;755;740;0;3817;26;11;2018;R;42;5820;3020;E0:85:C6:A8:ED:F2
10:47:02.281;85;110850;810;16160;94;10;120;790;67;10;130;660;37;10;120;790;11;20;200;300;64;100;640;810;61;10;570;810;364;0;650;810;930;230;735;380;995;640;0;3818;26;11;2018;R;42;5820;3020;E0:85:C6:A8:ED:F2
10:47:03.466;86;111970;1420;17280;65;30;140;1420;43;40;150;1360;30;40;1400;1400;26;60;1420;1420;85;110;1420;1420;72;40;270;1420;362;0;280;1420;242;150;0;0;985;260;0;3819;26;11;2018;R;42;5820;3020;E0:85:C6:A8:ED:F2
10:47:05.650;87;114290;630;19600;228;10;60;630;160;10;60;630;156;10;50;630;85;10;240;630;86;0;110;630;24;20;80;170;162;0;80;630;1610;60;0;0;930;90;0;3820;26;11;2018;R;42;5820;3020;E0:85:C6:A8:ED:F2
10:47:06.873;88;115470;770;20780;146;0;200;770;88;0;200;770;118;0;210;770;98;40;630;770;152;10;760;760;10;660;760;760;162;0;770;770;1115;220;830;770;1115;220;0;3821;26;11;2018;R;42;5820;3020;E0:85:C6:A8:ED:F2
10:47:07.748;89;116780;880;22090;115;0;180;830;73;10;190;800;95;0;190;790;92;10;230;810;94;20;630;880;36;110;670;860;240;40;680;880;1040;240;755;420;910;570;0;3822;26;11;2018;R;42;5820;3020;E0:85:C6:A8:ED:F2
10:47:09.261;90;117940;830;23250;72;30;140;770;50;30;150;720;53;30;140;730;47;30;170;740;91;40;620;820;40;40;570;800;276;0;600;830;910;240;705;450;855;600;0;3823;26;11;2018;R;42;5820;3020;E0:85:C6:A8:ED:F2
10:47:10.757;91;119050;1070;24360;88;20;60;910;55;20;60;810;69;20;590;760;74;30;590;810;103;40;670;990;35;0;330;920;178;10;330;1070;502;60;451;90;1040;610;0;3824;26;11;2018;R;42;5820;3016;E0:85:C6:A8:ED:F2
10:47:11.718;92;120700;930;26010;188;0;300;880;109;0;300;840;114;0;290;840;53;0;600;840;51;30;740;920;15;630;750;890;156;0;760;930;875;300;0;0;562;760;0;3825;26;11;2018;R;42;5820;3016;E0:85:C6:A8:ED:F2
10:47:13.067;93;121950;820;27260;178;0;290;800;107;0;290;770;124;10;260;770;53;20;60;780;67;20;620;820;31;480;670;820;304;30;680;820;990;290;825;440;900;650;0;3826;26;11;2018;R;42;5820;3016;E0:85:C6:A8:ED:F2
10:47:14.083;94;123120;870;28430;92;30;160;820;63;30;160;760;52;30;160;730;36;40;280;640;78;50;310;830;51;50;590;840;310;0;620;870;865;280;785;410;945;590;0;3827;26;11;2018;R;42;5820;3016;E0:85:C6:A8:ED:F2
10:47:15.295;95;124260;940;29570;42;20;50;880;25;30;150;270;22;30;50;560;41;40;280;700;182;0;460;940;40;40;340;910;214;0;370;940;170;50;0;0;975;450;0;3828;26;11;2018;R;42;5820;3020;E0:85:C6:A8:ED:F2
10:47:17.494;96;125630;1220;30940;208;10;670;1220;122;0;670;1220;126;10;920;1220;89;10;970;1220;40;0;70;1180;19;10;120;120;89;10;120;1220;1130;920;945;540;1050;410;0;3829;26;11;2018;R;42;5820;3020;E0:85:C6:A8:ED:F2
10:47:18.801;97;127190;870;32500;148;0;90;850;90;10;100;690;105;10;120;730;140;30;450;870;128;20;740;870;13;40;100;860;87;0;110;870;1185;170;0;0;725;160;0;3830;26;11;2018;R;42;5820;3016;E0:85:C6:A8:ED:F2
10:47:19.713;98;128480;570;33790;132;0;130;520;76;0;140;470;42;0;120;470;13;10;150;480;0;0;0;0;61;0;350;510;258;0;370;570;562;140;0;0;855;290;0;3831;26;11;2018;R;42;5820;3016;E0:85:C6:A8:ED:F2
10:47:20.543;99;129610;730;34920;89;230;630;690;47;230;640;640;0;0;0;0;19;250;310;670;85;210;580;730;0;0;0;0;206;0;550;730;130;640;0;0;319;560;0;3832;26;11;2018;R;42;5820;3016;E0:85:C6:A8:ED:F2
10:47:21.553;100;130650;760;35960;170;0;50;720;108;10;50;650;108;0;50;650;76;10;130;690;136;0;560;760;40;10;200;730;246;0;570;760;1255;140;529;400;915;560;0;3833;26;11;2018;R;42;5820;3016;E0:85:C6:A8:ED:F2
10:47:22.805;101;131730;870;37040;208;10;810;810;123;10;820;820;117;10;520;870;73;0;500;870;98;10;170;870;0;0;0;0;132;0;870;870;1085;800;785;240;1005;120;0;3834;26;11;2018;R;42;5820;3016;E0:85:C6:A8:ED:F2
10:47:24.005;102;133250;640;38560;83;10;40;640;63;10;40;580;43;10;40;320;46;10;130;580;119;10;240;640;50;10;190;620;300;0;230;640;625;40;595;60;1035;180;0;3835;26;11;2018;R;42;5820;3016;E0:85:C6:A8:ED:F2
10:47:25.172;103;134220;610;39530;238;0;70;590;158;0;70;590;164;0;60;580;79;10;50;600;61;10;50;610;30;30;500;610;176;0;500;610;1470;70;665;270;910;400;0;3836;26;11;2018;R;42;5820;3016;E0:85:C6:A8:ED:F2
10:47:26.119;104;135280;710;40590;134;0;40;630;91;0;40;580;73;0;30;500;43;10;140;560;74;10;210;660;67;10;290;670;318;0;300;710;619;40;0;0;1130;170;0;3837;26;11;2018;R;42;5820;3016;E0:85:C6:A8:ED:F2
10:47:27.388;105;136090;980;440;318;0;860;980;113;0;700;980;180;10;830;980;34;10;690;980;28;90;850;970;0;0;0;0;96;10;540;980;1130;840;815;630;905;540;0;3838;26;11;2018;R;42;5820;3012;E0:85:C6:A8:ED:F2
10:47:29.224;106;137380;1520;1730;172;80;140;1520;104;80;130;1520;111;80;140;1520;94;50;410;1520;186;0;630;1520;21;0;100;1520;90;0;760;1520;1105;140;628;290;785;540;0;3839;26;11;2018;R;42;5820;3012;E0:85:C6:A8:ED:F2
10:47:31.116;107;139670;780;4020;136;0;500;780;80;10;500;750;114;10;510;780;112;10;510;780;134;10;210;770;21;20;740;740;146;0;150;750;1200;510;825;420;955;310;0;3840;26;11;2018;R;42;5820;3016;E0:85:C6:A8:ED:F2
10:47:32.041;108;141310;600;5660;204;40;170;600;127;40;160;600;124;40;170;590;62;30;150;570;43;0;130;530;30;0;110;290;103;0;120;530;1220;160;0;0;556;120;0;3841;26;11;2018;R;42;5820;3016;E0:85:C6:A8:ED:F2
10:47:33.771;109;142070;1010;6420;64;60;100;970;39;60;100;900;43;60;100;200;32;60;100;950;150;0;790;1010;27;190;460;980;216;0;550;1010;460;100;246;180;800;520;0;3842;26;11;2018;R;42;5820;3016;E0:85:C6:A8:ED:F2
10:47:36.894;110;145320;1230;9670;140;80;270;1230;75;140;270;1170;107;100;260;1170;89;90;250;1230;127;0;1060;1230;44;20;1010;1230;220;0;1050;1230;990;260;715;700;1015;850;0;3843;26;11;2018;R;42;5820;3016;E0:85:C6:A8:ED:F2
10:47:38.258;111;146850;1270;11200;134;0;100;1270;82;0;100;1270;86;0;100;1270;107;40;450;1270;111;30;450;1270;30;630;910;1270;252;30;910;1270;990;450;720;600;1060;1180;0;3844;26;11;2018;R;42;5820;3016;E0:85:C6:A8:ED:F2
10:47:40.091;112;148520;1220;12870;194;130;270;1180;91;140;260;1180;144;110;270;1180;82;80;260;1220;93;0;990;1220;44;10;1090;1220;180;0;1100;1220;1065;260;625;710;1050;920;0;3845;26;11;2018;R;42;5820;3016;E0:85:C6:A8:ED:F2
10:47:41.002;113;150010;850;14360;58;20;40;770;38;20;40;780;33;20;40;780;102;10;690;840;154;20;600;850;53;0;280;810;250;0;290;820;358;50;310;70;875;310;0;3846;26;11;2018;R;42;5820;3016;E0:85:C6:A8:ED:F2
10:47:42.423;114;151060;1090;15410;194;10;500;1090;105;60;500;1090;144;60;860;1090;66;40;850;1090;51;10;170;1050;0;0;0;0;82;0;170;1060;1060;500;631;370;755;200;0;3847;26;11;2018;R;42;5820;3016;E0:85:C6:A8:ED:F2
10:47:44.040;115;152410;930;16760;190;170;600;890;90;170;600;890;138;110;600;890;87;70;290;930;63;0;140;930;17;10;110;250;77;0;110;930;985;610;805;440;985;310;0;3848;26;11;2018;R;42;5820;3016;E0:85:C6:A8:ED:F2
10:47:45.881;116;154490;690;18840;218;30;390;690;99;30;370;690;172;30;400;690;106;0;390;690;61;0;210;690;18;0;160;380;92;0;170;520;1280;390;0;0;526;190;0;3849;26;11;2018;R;42;5820;3016;E0:85:C6:A8:ED:F2
10:47:47.356;117;155880;670;20230;182;50;90;670;98;50;90;660;121;50;410;670;61;50;420;650;23;10;410;530;0;0;0;0;52;0;140;530;900;410;640;280;805;170;0;3850;26;11;2018;R;42;5820;3016;E0:85:C6:A8:ED:F2
10:47:49.455;118;158120;1180;22470;86;10;60;1080;52;20;60;1090;57;20;60;500;56;0;130;1110;126;0;750;1130;62;0;960;1140;316;0;950;1180;910;150;810;300;1020;920;0;3851;26;11;2018;R;42;5820;3016;E0:85:C6:A8:ED:F2
10:47:51.029;119;159500;820;23850;13;0;100;810;12;10;100;820;9;10;140;140;28;10;640;820;119;0;510;820;29;50;340;740;222;10;400;820;60;140;0;0;820;400;0;3852;26;11;2018;R;42;5820;3016;E0:85:C6:A8:ED:F2
10:47:52.589;120;160900;1400;25250;192;0;1130;1400;110;0;1130;1400;123;10;1280;1400;107;0;350;1400;85;0;370;1400;0;0;0;0;100;0;640;1400;1185;1250;730;600;1040;360;0;3853;26;11;2018;R;42;5820;3016;E0:85:C6:A8:ED:F2
10:47:53.694;121;162540;770;26890;138;30;320;770;87;30;70;760;93;30;60;760;83;30;60;770;75;0;140;770;36;0;80;230;140;0;130;520;1065;70;745;120;880;180;0;3854;26;11;2018;R;42;5820;3020;E0:85:C6:A8:ED:F2
10:47:54.902;122;163810;930;28160;104;10;230;920;68;10;220;890;72;10;220;890;53;10;190;880;45;20;560;870;39;70;610;880;186;0;620;930;885;230;710;410;735;550;0;3855;26;11;2018;R;42;5820;3020;E0:85:C6:A8:ED:F2
10:47:56.762;123;165150;700;29500;30;40;70;360;23;40;70;560;11;50;70;120;54;0;190;680;190;10;250;700;26;0;160;630;178;0;190;640;132;70;0;0;945;220;0;3856;26;11;2018;R;42;5820;3020;E0:85:C6:A8:ED:F2
10:47:58.644;124;166890;1040;31240;214;100;610;1040;106;110;630;1030;140;110;610;1020;72;0;610;960;50;0;250;970;17;170;330;800;86;10;320;990;1155;620;835;520;915;360;0;3857;26;11;2018;R;42;5820;3016;E0:85:C6:A8:ED:F2
10:48:00.078;125;168340;1480;32690;210;20;380;1480;113;20;380;1480;115;20;360;1480;31;10;350;1480;0;0;0;0;22;0;150;1480;81;0;150;1480;965;370;0;0;271;150;0;3858;26;11;2018;R;42;5820;3016;E0:85:C6:A8:ED:F2
10:48:01.494;126;170350;980;34700;76;0;130;900;35;50;350;900;55;0;150;650;33;30;420;920;98;290;460;940;61;290;560;960;276;290;540;980;208;150;0;0;725;480;0;3859;26;11;2018;R;42;5820;3016;E0:85:C6:A8:ED:F2
10:48:03.876;127;171570;1470;35920;208;800;1310;1470;72;820;1140;1470;138;790;1270;1470;76;730;1120;1450;80;0;870;1420;29;0;440;1170;158;0;600;1430;1065;1140;0;0;780;730;0;3860;26;11;2018;R;42;5820;3016;E0:85:C6:A8:ED:F2
10:48:05.700;128;174170;1250;38520;38;210;340;1090;0;0;0;0;51;70;340;1100;99;50;360;1230;132;0;970;1250;0;0;0;0;75;0;100;1250;307;340;0;0;750;360;0;3861;26;11;2018;R;42;5820;3016;E0:85:C6:A8:ED:F2
10:48:06.613;129;175720;720;40070;156;0;160;620;94;20;160;620;87;20;160;570;30;20;50;660;89;10;510;710;50;0;470;690;238;0;500;720;900;190;750;360;830;480;0;3862;26;11;2018;R;42;5820;3016;E0:85:C6:A8:ED:F2
10:48:08.362;130;176710;920;100;160;10;520;920;90;10;510;920;120;10;520;920;78;0;530;920;66;0;260;900;30;40;170;520;134;10;170;880;1095;520;815;290;955;180;0;3863;26;11;2018;R;42;5820;3016;E0:85:C6:A8:ED:F2
10:48:09.327;131;178000;840;1390;214;50;660;840;104;50;650;840;136;50;650;840;63;40;230;810;41;30;210;800;0;0;0;0;59;0;150;840;1050;650;775;420;1030;250;0;3864;26;11;2018;R;42;5820;3016;E0:85:C6:A8:ED:F2
10:48:12.339;132;179130;2920;2520;180;50;430;2850;73;60;420;2870;138;60;430;2850;104;30;1220;2910;79;760;1400;2920;0;0;0;0;54;0;2920;2920;950;430;835;560;905;760;5;3865;26;11;2018;R;42;5820;3016;E0:85:C6:A8:ED:F2
10:48:14.093;133;182180;1170;5570;226;30;900;1170;100;30;850;1170;158;30;870;1160;71;30;600;1140;59;0;200;1100;8;40;340;340;48;10;340;1120;1115;870;1000;720;1070;620;0;3866;26;11;2018;R;42;5820;3016;E0:85:C6:A8:ED:F2
10:48:16.494;134;184970;790;8360;99;0;510;750;58;10;520;770;91;10;510;760;105;10;210;790;103;10;660;790;17;30;650;790;90;0;660;790;990;510;0;0;990;210;0;3867;26;11;2018;R;42;5820;3016;E0:85:C6:A8:ED:F2
10:48:18.311;135;187160;960;10550;88;30;220;960;60;30;220;960;50;30;200;940;36;20;190;930;54;0;210;890;54;40;540;840;240;10;540;870;960;230;775;400;865;510;0;3868;26;11;2018;R;42;5820;3016;E0:85:C6:A8:ED:F2
10:48:20.585;136;189100;1080;12490;158;10;400;1000;83;10;350;1010;101;20;390;1010;54;100;390;1020;69;140;830;1060;38;560;890;1060;222;0;900;1080;765;400;0;0;850;500;0;3869;26;11;2018;R;42;5820;3016;E0:85:C6:A8:ED:F2
10:48:22.103;137;190640;860;14030;126;0;180;840;83;0;190;840;79;0;190;660;52;0;210;750;57;0;270;850;52;10;670;860;202;0;680;860;770;190;0;0;965;270;0;3870;26;11;2018;R;42;5820;3016;E0:85:C6:A8:ED:F2
10:48:23.701;138;191800;1140;15190;114;0;470;680;71;30;470;680;82;40;480;680;83;20;490;1140;72;30;600;1140;25;40;620;620;109;20;680;1140;1005;500;850;650;1005;500;0;3871;26;11;2018;R;42;5820;3016;E0:85:C6:A8:ED:F2
10:48:25.385;139;193260;1610;16650;61;0;370;1610;30;120;380;1610;36;120;380;1610;49;160;590;1610;97;300;960;1610;0;0;0;0;150;290;960;1610;415;530;340;710;379;960;0;3872;26;11;2018;R;42;5820;3012;E0:85:C6:A8:ED:F2
10:48:26.998;140;195410;1270;18800;132;20;380;1270;57;20;310;1270;116;20;380;1260;90;10;380;1260;35;0;380;1200;0;0;0;0;0;0;0;0;865;380;0;0;118;380;0;3873;26;11;2018;R;42;5820;3012;E0:85:C6:A8:ED:F2
10:48:32.450;143;201110;1020;24500;170;130;340;980;75;130;340;980;123;110;320;970;67;70;310;1010;37;10;920;1020;0;0;0;0;58;0;930;1020;870;330;0;0;271;930;0;3876;26;11;2018;R;42;5820;3012;E0:85:C6:A8:ED:F2
10:48:36.755;145;205260;930;28650;178;150;600;930;81;130;290;920;134;130;590;930;83;90;280;910;54;0;130;790;0;0;0;0;55;0;150;790;975;600;775;410;1000;290;0;3878;26;11;2018;R;42;5820;3012;E0:85:C6:A8:ED:F2
10:48:40.858;147;207500;1170;30890;136;20;770;1170;80;20;760;1170;89;30;770;1170;58;20;740;1160;79;0;220;1140;25;30;180;1110;164;0;270;1140;1040;760;740;380;765;280;0;3880;26;11;2018;R;42;5820;3012;E0:85:C6:A8:ED:F2
10:48:44.712;148;210240;870;33630;150;50;550;870;85;80;550;870;103;60;550;870;64;50;240;860;62;0;100;810;32;0;0;0;108;0;80;230;955;570;0;0;680;740;0;3881;26;11;2018;R;42;5820;3012;E0:85:C6:A8:ED:F2
10:48:44.922;150;212640;870;36030;200;50;550;870;82;80;550;870;140;60;550;870;69;50;240;860;39;0;100;810;0;0;0;0;51;0;80;230;950;550;810;350;895;250;0;3883;26;11;2018;R;42;5820;3012;E0:85:C6:A8:ED:F2
10:48:49.307;153;216620;840;40010;36;70;100;800;20;80;110;760;30;70;100;540;93;0;250;830;170;0;680;840;12;10;740;800;75;0;170;820;265;100;0;0;780;240;0;3886;26;11;2018;R;42;5820;3012;E0:85:C6:A8:ED:F2
10:48:49.981;154;218810;720;1240;116;0;120;650;77;0;130;610;54;0;110;450;21;10;170;350;41;10;210;670;59;10;500;690;272;10;510;720;930;210;720;410;775;500;0;3887;26;11;2018;R;42;5820;3016;E0:85:C6:A8:ED:F2
10:48:51.300;155;219750;750;2180;89;10;110;720;66;10;110;640;77;10;110;570;83;10;200;660;130;0;250;750;27;20;170;740;162;10;240;750;670;110;0;0;1090;190;0;3888;26;11;2018;R;42;5820;3016;E0:85:C6:A8:ED:F2
10:48:52.032;156;220860;910;3290;127;0;580;810;75;10;590;830;71;0;560;770;34;10;540;800;35;10;540;870;48;10;700;880;178;0;710;910;830;580;0;0;905;570;0;3889;26;11;2018;R;42;5820;3016;E0:85:C6:A8:ED:F2
10:48:53.636;157;221950;790;4380;202;70;440;790;103;80;440;790;120;80;430;790;27;300;430;770;21;100;420;760;19;30;180;740;76;0;200;770;950;440;0;0;295;200;0;3890;26;11;2018;R;42;5820;3016;E0:85:C6:A8:ED:F2
10:48:54.855;158;223220;1280;5650;162;0;270;1280;88;0;260;1280;107;30;280;1280;108;60;600;1280;110;70;630;1280;0;0;0;0;45;30;520;1280;855;390;0;0;427;630;0;3891;26;11;2018;R;42;5820;3016;E0:85:C6:A8:ED:F2
10:48:59.301;160;226290;1360;8720;104;0;1150;1360;65;30;1150;1360;90;40;1110;1360;83;40;920;1360;89;40;850;1320;15;0;0;0;130;30;730;1320;855;440;820;570;875;700;0;3893;26;11;2018;R;42;5820;3016;E0:85:C6:A8:ED:F2
10:48:59.512;161;227580;1360;10010;104;0;1150;1360;49;30;1150;1360;91;40;1110;1360;93;40;920;1360;104;40;850;1320;0;0;0;0;108;30;730;1320;905;1150;0;0;925;880;0;3894;26;11;2018;R;42;5820;3016;E0:85:C6:A8:ED:F2
10:49:03.526;164;231990;1060;14420;180;0;610;1040;101;0;610;1030;132;0;610;990;77;0;600;1000;54;50;790;1030;29;690;880;1030;204;50;890;1060;1100;620;0;0;870;880;0;3897;26;11;2018;R;42;5820;3016;E0:85:C6:A8:ED:F2
10:49:07.549;166;235270;1010;17700;206;90;680;1010;106;20;660;1010;138;90;670;1010;60;0;630;1010;39;0;550;1010;40;0;240;1000;134;0;350;1010;1080;410;920;510;995;610;0;3899;26;11;2018;R;42;5820;3016;E0:85:C6:A8:ED:F2
10:49:07.969;167;236360;1010;18790;110;90;680;1010;72;20;660;1010;93;90;670;1010;99;0;630;1010;71;0;550;1010;37;0;240;1000;132;0;350;1010;1015;640;0;0;940;390;0;3900;26;11;2018;R;42;5820;3016;E0:85:C6:A8:ED:F2
10:49:11.538;169;239360;1050;21790;71;0;240;950;47;10;240;960;62;0;340;960;68;120;340;1020;94;120;790;1050;25;150;790;1040;122;110;820;1050;520;260;0;0;830;710;0;3902;26;11;2018;R;42;5820;3016;E0:85:C6:A8:ED:F2
10:49:11.959;170;240570;550;23000;42;20;240;550;25;20;50;550;40;20;240;550;37;30;230;550;16;80;190;470;0;0;0;0;29;0;140;550;349;230;0;0;158;150;0;3903;26;11;2018;R;42;5820;3016;E0:85:C6:A8:ED:F2
10:49:16.173;171;244170;1160;26600;113;370;600;1100;53;320;590;1080;98;370;590;1090;108;140;510;1160;140;0;270;1160;18;160;370;500;186;0;210;1040;655;600;0;0;945;540;0;3904;26;11;2018;R;42;5820;3016;E0:85:C6:A8:ED:F2
10:49:19.688;172;246180;1430;28610;156;30;630;1340;83;40;620;1360;118;40;880;1330;85;40;1080;1420;30;1020;1240;1430;0;0;0;0;62;0;1260;1430;870;880;0;0;274;1260;0;3905;26;11;2018;R;42;5820;3016;E0:85:C6:A8:ED:F2
10:49:20.327;173;248100;1380;30530;214;0;680;1380;105;0;680;1380;142;0;680;1380;105;0;1380;1380;21;1220;1380;1380;0;0;0;0;36;0;1380;1380;1035;700;925;820;990;1340;0;3906;26;11;2018;R;42;5820;3016;E0:85:C6:A8:ED:F2
10:49:28.176;175;255980;1040;38410;198;10;410;1040;108;0;410;1030;127;0;610;1040;82;0;610;1030;34;10;250;990;33;0;180;950;122;0;170;970;1085;420;0;0;547;190;0;3908;26;11;2018;R;42;5820;3016;E0:85:C6:A8:ED:F2
10:49:32.065;178;260640;550;2110;242;0;210;550;119;10;190;540;121;20;180;530;38;20;140;490;0;0;0;0;11;30;70;200;26;10;130;510;905;180;0;0;82;120;0;3911;26;11;2018;R;42;5820;3016;E0:85:C6:A8:ED:F2
10:49:36.220;179;263220;990;4690;81;0;190;990;55;20;190;990;50;0;200;990;41;20;230;990;65;0;290;920;52;0;330;980;190;0;340;940;493;200;0;0;945;300;0;3912;26;11;2018;R;42;5820;3016;E0:85:C6:A8:ED:F2
10:49:40.082;180;264830;1110;6300;65;50;190;1040;42;50;190;1030;60;50;280;1030;115;60;380;1030;170;0;670;1090;13;60;670;1020;101;0;700;1110;424;270;0;0;850;560;0;3913;26;11;2018;R;42;5820;3016;E0:85:C6:A8:ED:F2
10:49:44.188;182;267450;670;8920;54;20;50;590;39;20;150;590;32;20;40;590;47;20;160;620;95;0;280;650;51;0;450;660;220;0;380;670;825;360;755;520;790;660;0;3915;26;11;2018;R;42;5820;3016;E0:85:C6:A8:ED:F2
10:49:44.606;185;272760;670;14230;49;20;50;590;35;20;150;590;30;20;40;590;29;20;160;620;94;0;280;650;67;0;450;660;254;0;380;670;382;50;355;70;915;270;0;3918;26;11;2018;R;42;5820;3016;E0:85:C6:A8:ED:F2
10:49:44.733;186;273720;670;15190;65;0;90;570;46;0;90;580;48;0;90;570;47;0;110;500;100;0;210;640;94;0;370;650;360;0;370;670;283;90;0;0;1090;250;0;3919;26;11;2018;R;42;5820;3016;E0:85:C6:A8:ED:F2
10:49:48.413;189;277380;680;18850;54;10;170;630;39;20;170;630;33;20;40;640;43;20;270;660;96;0;290;680;69;90;480;680;288;0;500;680;254;170;0;0;1055;300;0;3922;26;11;2018;R;42;5820;3016;E0:85:C6:A8:ED:F2
10:49:52.649;192;280690;780;22160;53;20;60;740;40;30;60;730;31;30;60;270;41;20;60;670;123;10;300;750;66;0;190;740;268;20;210;780;242;60;0;0;1005;200;0;3925;26;11;2018;R;42;5820;3016;E0:85:C6:A8:ED:F2
10:49:56.781;194;283350;1050;24820;117;0;220;960;71;10;220;960;99;0;230;970;108;70;570;1030;164;50;850;1050;13;690;810;1020;128;50;840;1050;950;260;805;480;945;580;0;3927;26;11;2018;R;42;5820;3016;E0:85:C6:A8:ED:F2
