App Software v2018_38-8-g44e8-dirty

App_time;Step_number;Insole_timer;Contact_time;ESW_timer;S0_force;S0_start_time;S0_max_time;S0_end_time;S1_force;S1_start_time;S1_max_time;S1_end_time;S2_force;S2_start_time;S2_max_time;S2_end_time;S3_force;S3_start_time;S3_max_time;S3_end_time;S4_force;S4_start_time;S4_max_time;S4_end_time;S5_force;S5_start_time;S5_max_time;S5_end_time;S6_force;S6_start_time;S6_max_time;S6_end_time;F1_force;F1_time;F2_force;F2_time;F3_force;F3_time;Warning_code;Lifetime_steps;Day;Month;Year;Left/Right;Size;Insole_id;Battery;MAC
10:25:59.761;1;0;1170;37250;87;0;110;1160;53;0;110;1150;79;0;110;1170;33;10;140;1170;41;10;170;1170;88;10;390;1170;218;10;390;1160;805;220;755;270;785;310;0;2780;26;11;2018;L;42;3867;3008;F4:9B:0B:3F:1D:F9
10:26:02.407;2;1640;1490;38890;59;0;120;1460;28;10;120;1490;58;0;120;1450;30;380;490;1480;126;80;1490;1490;58;10;170;1480;116;0;170;1480;367;120;0;0;571;170;0;2781;26;11;2018;L;42;3867;3008;F4:9B:0B:3F:1D:F9
10:26:03.103;3;3440;620;40690;50;0;20;370;20;0;20;480;53;0;20;250;47;0;120;500;86;0;240;620;52;0;190;600;216;0;300;620;376;20;322;40;755;300;0;2782;26;11;2018;L;42;3867;3012;F4:9B:0B:3F:1D:F9
10:26:04.811;4;4480;1620;770;124;40;390;1600;70;50;1150;1590;88;20;1150;1600;29;30;1190;1390;33;20;180;1610;93;1070;1350;1620;270;0;1360;1620;493;1150;0;0;795;1330;0;2783;26;11;2018;L;42;3867;3008;F4:9B:0B:3F:1D:F9
10:26:05.925;5;6370;500;2660;136;0;500;500;70;0;500;500;90;0;480;480;27;0;240;460;46;0;170;480;66;10;170;430;226;0;160;500;740;500;685;380;985;160;0;2784;26;11;2018;L;42;3867;3008;F4:9B:0B:3F:1D:F9
10:26:06.578;6;7890;90;4180;0;0;0;0;0;0;0;0;0;0;0;0;0;0;0;0;0;0;0;0;10;0;20;90;0;0;0;0;0;0;0;0;18;20;4;2785;26;11;2018;L;42;3867;3008;F4:9B:0B:3F:1D:F9
10:26:09.265;7;8820;1910;5110;46;800;1790;1910;31;1700;1790;1910;80;0;1790;1910;57;90;870;1910;39;210;1890;1890;59;990;1910;1910;204;870;1910;1910;319;1790;0;0;730;1870;0;2786;26;11;2018;L;42;3867;3008;F4:9B:0B:3F:1D:F9
10:26:11.004;8;12080;310;8370;0;0;0;0;0;0;0;0;0;0;0;0;0;0;0;0;26;0;100;300;32;100;210;310;24;200;300;300;0;0;0;0;86;190;0;2787;26;11;2018;L;42;3867;3008;F4:9B:0B:3F:1D:F9
10:26:11.866;9;12690;660;8980;86;0;40;620;51;0;60;410;74;10;90;630;36;10;120;410;65;10;150;630;70;10;420;660;244;0;450;660;895;130;616;350;750;450;0;2788;26;11;2018;L;42;3867;3004;F4:9B:0B:3F:1D:F9
10:26:13.527;10;13640;830;9930;62;0;20;830;31;0;20;830;58;0;80;830;21;10;100;790;69;10;390;830;49;10;170;830;156;10;190;830;340;20;292;40;529;160;0;2789;26;11;2018;L;42;3867;3004;F4:9B:0B:3F:1D:F9
10:26:15.593;11;15420;790;11710;180;10;430;790;76;10;430;790;130;10;430;790;22;50;150;670;24;20;150;300;28;20;130;770;56;0;140;780;715;550;613;300;700;190;0;2790;26;11;2018;L;42;3867;3004;F4:9B:0B:3F:1D:F9
10:26:15.815;12;16590;570;12880;136;10;120;520;73;0;130;450;82;0;120;510;0;0;0;0;0;0;0;0;51;20;200;560;152;0;260;570;770;180;0;0;634;260;0;2791;26;11;2018;L;42;3867;3004;F4:9B:0B:3F:1D:F9
10:26:16.892;13;17510;760;13800;53;0;100;630;29;10;100;310;48;10;90;710;0;0;0;0;32;60;630;740;83;10;300;740;246;10;360;760;228;100;0;0;715;360;0;2792;26;11;2018;L;42;3867;3004;F4:9B:0B:3F:1D:F9
10:26:18.850;14;18830;940;15120;114;0;40;490;54;10;40;520;104;10;40;460;32;20;130;520;148;20;640;940;102;20;170;920;232;10;150;940;750;50;715;60;1110;140;0;2793;26;11;2018;L;42;3867;3004;F4:9B:0B:3F:1D:F9
10:26:21.037;15;21340;1070;17630;67;0;430;1070;32;0;150;150;65;0;430;1070;17;10;400;1070;0;0;0;0;0;0;0;0;4;130;150;1070;307;400;0;0;26;430;0;2794;26;11;2018;L;42;3867;3004;F4:9B:0B:3F:1D:F9
10:26:22.773;16;23100;600;19390;73;0;30;510;35;0;30;510;62;0;30;570;56;0;170;510;96;40;290;600;52;0;160;600;105;0;250;600;394;30;0;0;685;150;0;2795;26;11;2018;L;42;3867;3004;F4:9B:0B:3F:1D:F9
10:26:25.053;17;25180;790;21470;84;0;30;470;40;0;30;450;90;0;40;760;40;0;110;460;128;0;570;790;76;0;200;790;186;0;210;790;535;40;0;0;945;170;0;2796;26;11;2018;L;42;3867;3004;F4:9B:0B:3F:1D:F9
10:26:25.788;18;26690;570;22980;76;0;120;530;35;0;120;520;70;0;120;540;56;10;190;480;115;110;440;570;36;10;440;570;109;50;420;570;568;210;493;340;580;420;0;2797;26;11;2018;L;42;3867;3004;F4:9B:0B:3F:1D:F9
10:26:26.743;19;27450;760;23740;44;0;20;710;20;0;20;720;45;0;200;670;89;0;400;750;150;60;610;760;25;540;650;760;36;0;590;740;259;20;160;50;622;600;0;2798;26;11;2018;L;42;3867;3000;F4:9B:0B:3F:1D:F9
10:26:27.973;20;28410;820;24700;127;0;30;810;51;10;30;800;111;0;30;810;55;20;120;720;150;20;330;820;37;60;180;820;126;10;710;820;616;30;487;60;760;140;0;2799;26;11;2018;L;42;3867;3000;F4:9B:0B:3F:1D:F9
10:26:30.413;21;29640;1910;25930;134;30;390;1880;62;40;390;1760;109;30;390;1880;43;60;1860;1860;48;550;1910;1910;42;500;670;1910;218;0;670;1910;725;390;0;0;775;670;0;2800;26;11;2018;L;42;3867;3000;F4:9B:0B:3F:1D:F9
10:26:30.986;22;31830;610;28120;85;0;110;610;45;10;110;610;87;0;120;610;51;30;170;340;82;30;480;610;39;10;140;610;162;0;130;610;690;120;0;0;930;140;0;2801;26;11;2018;L;42;3867;3000;F4:9B:0B:3F:1D:F9
10:26:33.255;23;33820;790;30110;126;30;220;730;57;40;210;640;86;30;210;730;0;0;0;0;0;0;0;0;79;10;630;790;190;0;640;790;577;220;550;310;660;630;0;2802;26;11;2018;L;42;3867;3000;F4:9B:0B:3F:1D:F9
10:26:35.295;24;34900;1290;31190;110;0;130;1290;66;0;130;1290;83;0;120;1290;14;10;120;1290;17;10;220;1290;56;10;420;1280;170;10;430;1290;710;180;499;330;571;410;0;2803;26;11;2018;L;42;3867;3000;F4:9B:0B:3F:1D:F9
10:26:36.092;25;36980;470;33270;0;0;0;0;0;0;0;0;0;0;0;0;0;0;0;0;97;0;270;470;0;0;0;0;42;340;470;470;26;210;0;0;156;270;0;2804;26;11;2018;L;42;3867;3000;F4:9B:0B:3F:1D:F9
10:26:38.315;26;37840;1720;34130;162;10;150;1720;83;10;140;1720;136;0;130;1720;63;10;1720;1720;206;10;1720;1720;64;0;510;1720;226;0;510;1720;1125;120;660;320;765;490;0;2805;26;11;2018;L;42;3867;3000;F4:9B:0B:3F:1D:F9
10:26:42.025;27;41280;1980;37570;94;0;1500;1980;47;620;1500;1640;79;0;1500;1980;49;110;1530;1660;75;1420;1640;1980;43;790;1610;1980;144;230;1630;1980;541;1500;0;0;760;1570;0;2806;26;11;2018;L;42;3867;3000;F4:9B:0B:3F:1D:F9
10:26:43.520;28;43650;750;39940;112;0;120;690;57;0;130;680;94;0;120;690;26;10;140;400;31;10;150;400;69;10;210;740;168;10;240;750;810;120;0;0;950;180;0;2807;26;11;2018;L;42;3867;3000;F4:9B:0B:3F:1D:F9
10:26:45.075;29;45880;640;1210;117;0;40;600;51;10;30;600;104;0;40;600;46;10;110;260;106;0;160;640;83;10;190;630;218;0;190;640;690;40;645;60;965;160;0;2808;26;11;2018;L;42;3867;3000;F4:9B:0B:3F:1D:F9
10:26:46.203;30;46740;900;2070;130;80;660;900;57;120;660;860;118;80;450;890;42;60;160;620;69;0;80;660;50;20;760;890;113;0;770;900;790;460;670;580;735;700;0;2809;26;11;2018;L;42;3867;3000;F4:9B:0B:3F:1D:F9
10:26:48.506;31;48020;1270;3350;142;0;120;1270;84;0;120;1270;105;0;110;1270;23;10;130;1270;24;10;150;1270;65;10;250;1270;164;10;280;1270;960;170;0;0;855;280;0;2810;26;11;2018;L;42;3867;3000;F4:9B:0B:3F:1D:F9
10:26:48.983;32;49840;480;5170;0;0;0;0;0;0;0;0;0;0;0;0;0;0;0;0;123;0;270;480;50;0;290;480;140;0;220;480;0;0;0;0;562;260;0;2811;26;11;2018;L;42;3867;3004;F4:9B:0B:3F:1D:F9
10:26:50.233;33;50450;1110;5780;0;0;0;0;0;0;0;0;0;0;0;0;0;0;0;0;82;600;700;1110;42;0;1010;1110;82;600;760;1110;0;0;0;0;361;700;0;2812;26;11;2018;L;42;3867;3004;F4:9B:0B:3F:1D:F9
10:26:51.197;34;51800;820;7130;121;0;40;750;57;0;120;310;110;0;40;720;48;10;150;460;75;10;370;760;73;10;470;790;256;10;580;820;715;40;650;70;995;150;0;2813;26;11;2018;L;42;3867;3000;F4:9B:0B:3F:1D:F9
10:26:53.021;35;52900;780;8230;130;70;620;780;61;80;620;780;91;70;620;780;24;80;140;660;48;0;110;660;43;10;450;780;99;0;130;780;750;620;660;340;700;270;0;2814;26;11;2018;L;42;3867;3004;F4:9B:0B:3F:1D:F9
10:26:53.464;36;54190;700;9520;92;0;20;700;50;0;20;230;81;0;20;670;53;0;150;580;128;10;310;680;73;0;560;700;210;0;550;700;565;20;526;40;850;140;0;2815;26;11;2018;L;42;3867;3004;F4:9B:0B:3F:1D:F9
10:26:54.407;37;55150;680;10480;81;0;110;650;46;0;110;410;76;0;110;650;27;10;120;410;52;10;250;660;91;10;260;680;286;0;260;680;400;110;0;0;1000;210;0;2816;26;11;2018;L;42;3867;3000;F4:9B:0B:3F:1D:F9
10:26:56.858;38;56190;1340;11520;77;0;1180;1340;40;20;680;1340;89;0;680;1340;48;20;180;1280;80;30;340;1300;46;40;240;1310;146;20;260;1340;830;680;634;400;815;230;0;2817;26;11;2018;L;42;3867;3000;F4:9B:0B:3F:1D:F9
10:26:58.369;39;59010;780;14340;196;0;150;700;99;0;140;740;148;0;150;770;33;10;510;670;68;20;650;780;47;30;620;780;156;10;650;780;910;150;568;400;640;630;0;2818;26;11;2018;L;42;3867;3000;F4:9B:0B:3F:1D:F9
10:26:59.401;40;60120;690;15450;136;0;50;640;66;10;50;640;108;10;50;600;52;20;190;620;87;20;260;680;59;30;540;690;190;10;560;690;895;160;499;350;735;550;0;2819;26;11;2018;L;42;3867;3000;F4:9B:0B:3F:1D:F9
10:27:01.492;41;61340;930;16670;94;0;200;840;28;90;200;830;99;0;290;850;86;90;550;900;97;530;760;930;0;0;0;0;37;560;720;920;580;320;403;620;460;740;0;2820;26;11;2018;L;42;3867;3000;F4:9B:0B:3F:1D:F9
10:27:02.522;42;62700;680;18030;55;0;90;400;11;10;500;500;72;0;90;400;38;0;170;650;63;80;500;680;0;0;0;0;0;0;0;0;325;170;228;390;262;500;0;2821;26;11;2018;L;42;3867;3000;F4:9B:0B:3F:1D:F9
10:27:04.230;43;63920;1170;19250;92;0;50;1120;21;10;860;1060;111;0;50;1120;29;10;40;860;25;10;680;860;41;680;830;1170;94;650;860;1170;469;40;246;370;553;860;0;2822;26;11;2018;L;42;3867;2996;F4:9B:0B:3F:1D:F9
10:27:05.681;44;65950;1130;21280;79;50;90;1060;34;50;90;1050;73;50;200;640;37;60;200;1120;53;260;660;1130;50;260;450;1130;182;0;480;1130;466;200;406;310;580;480;0;2823;26;11;2018;L;42;3867;2996;F4:9B:0B:3F:1D:F9
10:27:07.294;45;67480;670;22810;118;0;40;610;48;0;30;380;108;0;40;620;25;0;30;380;45;10;350;640;57;10;350;650;202;0;380;670;645;30;469;80;785;250;0;2824;26;11;2018;L;42;3867;2996;F4:9B:0B:3F:1D:F9
10:27:08.103;46;68490;1010;23820;66;0;680;970;24;40;680;970;73;0;250;970;39;20;210;850;48;10;160;890;42;860;990;990;76;10;830;1010;532;570;0;0;403;830;0;2825;26;11;2018;L;42;3867;2996;F4:9B:0B:3F:1D:F9
10:27:09.258;47;70010;650;25340;96;0;40;590;47;10;130;410;88;0;130;590;33;10;140;420;39;20;170;620;54;20;480;640;204;0;490;650;556;40;523;70;850;170;0;2826;26;11;2018;L;42;3867;2996;F4:9B:0B:3F:1D:F9
10:27:10.944;48;71020;780;26350;80;0;30;670;43;0;100;360;68;0;30;710;30;10;170;440;48;60;250;760;68;0;530;770;192;0;550;780;750;190;598;440;670;550;0;2827;26;11;2018;L;42;3867;2996;F4:9B:0B:3F:1D:F9
10:27:11.701;49;72330;770;27660;70;0;110;320;42;0;110;310;68;0;120;320;36;20;170;330;76;60;520;770;59;20;290;770;180;10;330;770;358;120;0;0;740;220;0;2828;26;11;2018;L;42;3867;2996;F4:9B:0B:3F:1D:F9
10:27:13.910;50;73670;1090;29000;113;10;1090;1090;53;10;980;980;113;10;1090;1090;37;70;180;630;93;70;240;640;44;60;470;610;140;0;490;1090;815;980;750;680;795;580;0;2829;26;11;2018;L;42;3867;2996;F4:9B:0B:3F:1D:F9
10:27:20.858;50;0;720;36660;58;120;530;720;46;560;720;720;47;130;710;710;0;0;0;0;0;0;0;0;22;560;670;670;50;0;710;710;370;720;0;0;216;710;3;2829;26;11;2018;L;42;3867;2996;F4:9B:0B:3F:1D:F9
10:27:22.201;51;82252;940;37770;75;20;100;940;44;20;110;940;66;20;100;940;35;20;150;730;92;30;710;940;106;10;740;940;206;0;260;940;349;110;0;0;765;170;0;2830;26;11;2018;L;42;3867;2996;F4:9B:0B:3F:1D:F9
10:27:22.822;52;83492;510;39010;83;10;100;460;45;10;100;460;84;10;100;460;53;10;140;280;115;20;250;510;42;10;180;510;140;0;320;510;499;100;0;0;810;140;0;2831;26;11;2018;L;42;3867;2996;F4:9B:0B:3F:1D:F9
10:27:24.421;53;84282;760;39800;117;0;30;350;58;0;40;190;114;0;40;670;37;10;40;690;119;10;200;760;98;10;150;680;296;0;150;760;571;40;0;0;1185;140;0;2832;26;11;2018;L;42;3867;2996;F4:9B:0B:3F:1D:F9
10:27:25.937;54;85682;1430;240;127;0;190;1430;61;0;180;1430;102;0;260;1430;41;150;420;1430;85;350;630;1430;25;460;560;1430;130;0;570;1430;571;280;484;460;610;560;0;2833;26;11;2018;L;42;3867;3000;F4:9B:0B:3F:1D:F9
10:27:27.375;55;87762;780;2320;70;10;80;750;40;10;80;380;75;10;80;750;51;10;120;420;118;10;200;780;72;10;190;770;230;0;180;780;391;80;0;0;1050;140;0;2834;26;11;2018;L;42;3867;3000;F4:9B:0B:3F:1D:F9
10:27:30.166;56;89042;2290;3600;130;10;470;2270;60;10;480;2040;134;10;470;2270;60;10;480;2190;35;20;530;2290;38;20;2290;2290;162;0;2290;2290;845;490;0;0;616;2290;5;2835;26;11;2018;L;42;3867;3000;F4:9B:0B:3F:1D:F9
10:27:31.145;57;91632;680;6190;93;0;30;530;46;0;30;380;87;0;40;520;55;0;120;500;105;0;300;680;59;10;290;680;194;0;360;680;478;30;0;0;895;220;0;2836;26;11;2018;L;42;3867;3000;F4:9B:0B:3F:1D:F9
10:27:31.939;58;92562;550;7120;89;10;30;500;44;10;110;430;85;10;100;510;35;10;110;300;43;10;140;510;56;20;310;550;194;0;310;550;580;30;505;50;905;160;0;2837;26;11;2018;L;42;3867;3004;F4:9B:0B:3F:1D:F9
10:27:34.550;59;93402;2310;7960;156;0;40;2310;77;0;1400;2310;119;0;40;2310;34;20;940;2310;123;20;1090;2310;72;10;390;2310;260;0;460;2310;955;150;160;760;935;1330;5;2838;26;11;2018;L;42;3867;3000;F4:9B:0B:3F:1D:F9
10:27:36.406;60;96322;690;10880;134;0;170;610;68;30;180;380;116;0;160;610;24;60;160;560;41;60;490;680;29;390;680;680;168;40;530;690;730;200;424;380;550;500;0;2839;26;11;2018;L;42;3867;3000;F4:9B:0B:3F:1D:F9
10:27:38.404;61;98792;110;13350;0;0;0;0;0;0;0;0;0;0;0;0;0;0;0;0;0;0;0;0;0;0;0;0;23;0;110;110;0;0;0;0;44;110;4;2840;26;11;2018;L;42;3867;3000;F4:9B:0B:3F:1D:F9
10:27:41.250;62;101532;820;16090;84;0;110;730;48;0;110;770;76;0;110;790;43;10;260;720;56;80;330;820;34;80;320;820;164;10;660;820;508;110;0;0;720;310;0;2841;26;11;2018;L;42;3867;3004;F4:9B:0B:3F:1D:F9
10:27:43.327;63;102652;840;17210;130;0;150;800;65;10;150;790;107;0;150;800;28;20;110;330;32;20;180;820;50;30;720;840;190;10;730;840;870;170;770;330;790;620;0;2842;26;11;2018;L;42;3867;3000;F4:9B:0B:3F:1D:F9
10:27:45.121;64;105602;660;20160;62;20;40;650;35;20;40;640;53;20;40;650;32;20;120;630;84;0;220;590;64;10;190;620;216;0;220;660;262;40;0;0;750;160;0;2843;26;11;2018;L;42;3867;3000;F4:9B:0B:3F:1D:F9
10:27:45.936;65;106502;470;21060;0;0;0;0;0;0;0;0;0;0;0;0;0;0;0;0;58;10;190;470;29;100;210;470;65;0;230;470;0;0;0;0;277;220;0;2844;26;11;2018;L;42;3867;3000;F4:9B:0B:3F:1D:F9
10:27:47.464;66;107392;660;21950;128;0;40;560;70;0;120;510;112;0;40;560;33;10;120;370;37;10;140;630;53;20;240;630;226;0;260;660;725;40;650;60;1020;170;0;2845;26;11;2018;L;42;3867;3000;F4:9B:0B:3F:1D:F9
10:27:48.830;67;108442;970;23000;168;0;60;970;86;10;60;970;136;10;60;970;49;20;850;970;59;20;600;970;43;30;630;930;176;20;830;970;950;60;640;240;955;880;0;2846;26;11;2018;L;42;3867;3000;F4:9B:0B:3F:1D:F9
10:27:51.381;68;110962;1000;25520;74;10;130;740;50;10;140;580;71;10;130;670;25;20;140;460;37;10;150;500;56;10;230;1000;218;0;270;1000;520;140;0;0;980;270;0;2847;26;11;2018;L;42;3867;3000;F4:9B:0B:3F:1D:F9
10:27:53.175;69;112392;1370;26950;105;10;50;1360;56;10;50;260;97;10;50;1360;34;20;160;310;67;10;210;1260;39;30;200;1370;178;0;210;1370;740;50;0;0;970;190;0;2848;26;11;2018;L;42;3867;3000;F4:9B:0B:3F:1D:F9
10:27:54.767;70;114682;660;29240;174;20;660;660;85;20;660;660;109;30;520;520;36;40;160;350;51;30;160;390;39;10;150;350;128;0;140;650;845;660;650;360;885;180;0;2849;26;11;2018;L;42;3867;3000;F4:9B:0B:3F:1D:F9
10:27:57.262;71;116282;2000;30840;146;0;1310;2000;78;10;1310;1980;148;0;1310;1990;62;20;140;1930;69;20;260;2000;53;20;340;2000;204;20;410;2000;1045;1310;790;1140;995;160;0;2850;26;11;2018;L;42;3867;3000;F4:9B:0B:3F:1D:F9
10:27:59.087;72;118752;900;33310;128;0;120;890;77;10;120;770;121;0;130;890;43;20;170;780;55;10;190;900;41;20;750;900;188;0;750;900;1010;160;574;370;725;540;0;2851;26;11;2018;L;42;3867;3000;F4:9B:0B:3F:1D:F9
10:28:00.963;73;120132;1400;34690;109;0;140;1400;59;10;140;1400;100;10;170;1400;38;90;830;1340;63;30;830;1360;23;20;350;1370;111;10;380;1400;790;230;0;0;660;380;0;2852;26;11;2018;L;42;3867;3000;F4:9B:0B:3F:1D:F9
10:28:03.452;74;122192;2370;36750;158;0;1650;2360;90;10;1650;2350;164;0;1660;2340;77;10;2200;2330;89;340;1780;2370;49;990;1100;2340;190;20;1750;2370;1210;1750;0;0;1120;1750;5;2853;26;11;2018;L;42;3867;3000;F4:9B:0B:3F:1D:F9
10:28:10.612;75;130742;680;4340;109;0;270;680;40;60;270;640;83;10;270;660;23;420;550;550;0;0;0;0;20;370;490;680;55;340;520;680;391;400;0;0;150;520;0;2854;26;11;2018;L;42;3867;3000;F4:9B:0B:3F:1D:F9
10:28:12.349;76;131802;1110;5400;22;30;50;290;13;30;50;1110;18;30;50;1110;0;0;0;0;166;40;530;1110;33;20;800;930;99;0;140;1110;358;170;265;300;445;640;0;2855;26;11;2018;L;42;3867;3000;F4:9B:0B:3F:1D:F9
10:28:17.982;77;137452;1080;11050;132;20;360;1020;50;100;160;780;94;70;360;1020;23;100;150;640;0;0;0;0;40;20;780;1060;140;0;780;1080;622;160;0;0;484;780;0;2856;26;11;2018;L;42;3867;3000;F4:9B:0B:3F:1D:F9
10:28:19.087;78;138902;730;12500;108;0;120;730;59;0;120;420;95;0;110;730;23;10;110;370;0;0;0;0;50;20;340;730;208;10;380;730;640;120;0;0;750;310;0;2857;26;11;2018;L;42;3867;3000;F4:9B:0B:3F:1D:F9
10:28:20.900;79;140312;940;13910;93;0;160;940;45;10;170;920;101;0;170;940;73;30;240;810;60;120;740;940;15;600;700;940;121;120;760;940;710;240;550;460;604;630;0;2858;26;11;2018;L;42;3867;3004;F4:9B:0B:3F:1D:F9
10:28:21.693;80;142302;390;15900;0;0;0;0;0;0;0;0;0;0;0;0;0;0;0;0;60;0;20;260;18;110;210;390;109;0;170;390;0;0;0;0;256;170;0;2859;26;11;2018;L;42;3867;3004;F4:9B:0B:3F:1D:F9
10:28:23.793;81;142892;1900;16490;160;0;50;1900;90;10;50;1320;146;0;50;1900;93;0;550;1900;77;0;550;1900;53;10;130;1900;152;20;150;1900;1065;50;985;80;1120;150;0;2860;26;11;2018;L;42;3867;3000;F4:9B:0B:3F:1D:F9
10:28:26.266;82;145902;900;19500;97;10;120;850;58;10;130;840;88;10;120;850;29;20;150;810;46;20;210;900;58;20;210;900;192;0;200;900;670;130;0;0;970;190;0;2861;26;11;2018;L;42;3867;3000;F4:9B:0B:3F:1D:F9
10:28:26.984;83;147272;250;20870;108;0;40;250;61;0;120;250;96;0;40;250;41;10;140;230;67;10;210;210;66;20;250;250;214;10;250;250;1035;150;985;230;1035;150;0;2862;26;11;2018;L;42;3867;3000;F4:9B:0B:3F:1D:F9
10:28:30.633;84;150112;1050;23710;63;0;40;590;32;10;40;590;63;0;40;550;66;10;320;840;99;10;510;1030;54;10;240;990;168;0;380;1050;430;40;0;0;990;310;0;2863;26;11;2018;L;42;3867;3000;F4:9B:0B:3F:1D:F9
10:28:32.535;85;152142;900;25740;86;20;50;550;43;20;50;370;76;10;50;860;27;30;130;340;57;30;610;890;81;10;330;900;272;0;410;900;385;50;0;0;795;180;0;2864;26;11;2018;L;42;3867;3000;F4:9B:0B:3F:1D:F9
10:28:35.061;86;155072;760;28670;136;0;180;730;68;0;170;730;112;0;180;730;0;0;0;0;70;300;500;760;49;30;570;760;200;30;580;760;604;180;364;390;660;570;0;2865;26;11;2018;L;42;3867;3000;F4:9B:0B:3F:1D:F9
10:28:36.372;87;156082;950;29680;111;0;30;900;47;0;30;300;111;0;40;900;42;10;140;370;90;10;220;940;47;60;670;940;292;0;710;950;935;160;700;380;900;710;0;2866;26;11;2018;L;42;3867;3000;F4:9B:0B:3F:1D:F9
10:28:38.977;88;157412;2090;31010;73;10;1440;2090;38;10;1440;2090;90;10;1440;2090;52;1340;1440;2090;63;60;320;2090;65;10;420;2090;254;0;430;2090;690;2090;140;1000;785;430;5;2867;26;11;2018;L;42;3867;3000;F4:9B:0B:3F:1D:F9
10:28:40.024;89;160082;800;33680;117;0;50;550;66;10;50;530;107;0;50;540;79;10;200;590;117;10;280;770;51;30;540;800;222;10;550;800;840;110;675;290;790;380;0;2868;26;11;2018;L;42;3867;3000;F4:9B:0B:3F:1D:F9
10:28:42.962;90;161732;1750;35330;113;0;130;1750;61;0;130;1750;107;0;130;1750;33;20;160;820;34;20;180;1750;43;820;970;970;186;10;710;1750;790;200;650;580;675;640;0;2869;26;11;2018;L;42;3867;3000;F4:9B:0B:3F:1D:F9
10:28:45.209;91;164472;1710;38070;146;0;1710;1710;90;0;1710;1710;112;0;1710;1710;62;40;1250;1710;110;90;1370;1710;40;740;870;1710;204;60;1350;1710;980;1250;805;1690;980;1250;0;2870;26;11;2018;L;42;3867;3000;F4:9B:0B:3F:1D:F9
10:28:47.334;92;166982;860;40580;102;10;140;850;56;20;140;700;92;10;130;850;22;40;150;550;70;20;650;860;77;20;700;860;288;0;720;860;950;230;586;490;935;710;0;2871;26;11;2018;L;42;3867;3000;F4:9B:0B:3F:1D:F9
10:28:48.888;93;168302;670;940;61;50;500;670;0;0;0;0;54;50;500;670;23;100;140;350;73;0;190;360;57;10;180;670;194;0;200;670;640;670;550;420;775;170;0;2872;26;11;2018;L;42;3867;3000;F4:9B:0B:3F:1D:F9
10:28:50.102;94;170282;870;2920;77;10;120;830;52;10;120;820;79;10;120;830;48;10;160;500;80;10;410;850;53;10;650;870;226;0;700;870;885;160;665;500;720;680;0;2873;26;11;2018;L;42;3867;3000;F4:9B:0B:3F:1D:F9
10:28:51.831;95;171482;1300;4120;126;0;350;830;77;0;310;830;125;0;360;1270;89;20;500;830;78;40;830;1300;0;0;0;0;80;30;830;1300;925;360;0;0;532;830;0;2874;26;11;2018;L;42;3867;3000;F4:9B:0B:3F:1D:F9
10:28:53.610;96;173042;860;5680;87;10;690;860;40;60;680;840;107;0;680;860;70;40;540;860;56;30;460;860;32;30;210;720;115;10;220;730;740;590;670;350;745;250;0;2875;26;11;2018;L;42;3867;3000;F4:9B:0B:3F:1D:F9
10:28:54.413;97;174412;1050;7050;63;0;270;950;22;110;270;680;65;0;270;1020;14;210;500;880;46;240;800;1050;39;870;1050;1050;132;90;810;1050;268;270;0;0;379;480;0;2876;26;11;2018;L;42;3867;3004;F4:9B:0B:3F:1D:F9
10:28:56.388;98;175792;1640;8430;60;10;50;1640;26;20;130;1640;63;10;50;1640;44;30;190;1640;89;70;320;1640;57;30;400;940;226;0;480;1640;262;50;0;0;775;450;0;2877;26;11;2018;L;42;3867;3004;F4:9B:0B:3F:1D:F9
10:28:59.117;99;178482;1130;11120;118;10;350;1130;53;50;190;770;97;50;360;1130;34;80;510;730;52;60;570;1130;72;20;940;1130;296;0;970;1130;910;190;532;420;1005;970;0;2878;26;11;2018;L;42;3867;3004;F4:9B:0B:3F:1D:F9
10:29:00.157;100;180252;630;12890;168;0;140;530;87;0;140;500;115;0;140;530;0;0;0;0;54;300;450;610;60;10;480;610;216;10;490;630;680;150;448;370;690;480;0;2879;26;11;2018;L;42;3867;3004;F4:9B:0B:3F:1D:F9
10:29:01.322;101;181122;920;13760;61;0;130;590;37;0;130;780;67;0;130;860;30;60;170;580;76;60;290;900;77;20;300;890;294;50;750;920;307;130;0;0;970;220;0;2880;26;11;2018;L;42;3867;3004;F4:9B:0B:3F:1D:F9
10:29:02.573;102;182362;1240;15000;89;30;880;1240;53;30;880;1240;89;30;880;1240;51;40;720;1200;130;30;590;1240;79;10;220;1240;298;0;220;1240;870;750;595;410;1125;180;0;2881;26;11;2018;L;42;3867;3004;F4:9B:0B:3F:1D:F9
10:29:03.824;103;184132;720;16770;160;0;100;560;86;0;100;550;122;0;100;560;42;10;240;550;76;10;460;720;43;10;460;720;174;0;500;720;780;110;538;380;645;490;0;2882;26;11;2018;L;42;3867;3004;F4:9B:0B:3F:1D:F9
10:29:05.702;104;185452;730;18090;150;10;160;720;81;20;160;710;134;10;160;720;35;30;180;630;71;30;570;730;51;40;580;730;210;0;590;730;950;170;595;410;770;580;0;2883;26;11;2018;L;42;3867;3004;F4:9B:0B:3F:1D:F9
10:29:07.452;105;186592;1330;19230;138;20;970;1330;54;110;970;1330;130;20;970;1330;60;100;580;970;156;20;700;1230;42;10;140;1330;182;0;150;1330;930;920;601;750;930;150;0;2884;26;11;2018;L;42;3867;3004;F4:9B:0B:3F:1D:F9
10:29:08.065;106;188312;780;20950;104;0;120;750;61;0;120;440;113;0;120;750;67;10;160;440;64;10;360;740;55;20;420;780;248;10;450;780;571;120;0;0;875;230;0;2885;26;11;2018;L;42;3867;3004;F4:9B:0B:3F:1D:F9
10:29:09.164;107;189362;820;22000;80;20;50;820;48;20;50;760;84;10;50;740;43;20;130;380;79;10;170;770;82;10;670;810;306;0;670;820;1075;160;451;490;845;670;0;2886;26;11;2018;L;42;3867;3004;F4:9B:0B:3F:1D:F9
10:29:10.887;108;190542;810;23180;23;30;130;310;11;30;120;260;32;30;140;310;31;70;200;730;134;20;410;810;25;0;140;770;59;0;660;810;128;140;0;0;478;360;0;2887;26;11;2018;L;42;3867;3004;F4:9B:0B:3F:1D:F9
10:29:13.251;109;192882;1390;25520;123;0;190;990;59;0;200;980;113;0;210;950;56;110;700;990;79;170;890;1110;22;1020;1130;1130;202;120;980;1390;715;210;0;0;760;690;0;2888;26;11;2018;L;42;3867;3004;F4:9B:0B:3F:1D:F9
10:29:14.590;110;195012;940;27650;112;0;220;880;59;0;230;870;101;0;230;870;63;130;460;910;68;180;810;940;0;0;0;0;70;0;830;940;660;280;0;0;394;830;0;2889;26;11;2018;L;42;3867;3004;F4:9B:0B:3F:1D:F9
10:29:16.040;111;196242;940;28880;93;0;110;940;49;0;110;880;79;0;110;940;51;0;170;490;88;80;340;910;21;710;810;940;107;0;440;930;619;110;0;0;640;140;0;2890;26;11;2018;L;42;3867;3004;F4:9B:0B:3F:1D:F9
10:29:18.732;112;199012;620;31650;0;0;0;0;0;0;0;0;0;0;0;0;0;0;0;0;138;0;210;620;47;80;270;620;85;0;130;620;0;0;0;0;481;260;0;2891;26;11;2018;L;42;3867;3004;F4:9B:0B:3F:1D:F9
10:29:19.015;113;199982;380;32620;0;0;0;0;0;0;0;0;0;0;0;0;0;0;0;0;144;0;190;380;0;0;0;0;36;270;370;370;0;0;0;0;271;190;0;2892;26;11;2018;L;42;3867;3004;F4:9B:0B:3F:1D:F9
10:29:20.254;114;200822;870;33460;166;0;40;700;91;10;40;810;146;0;40;840;83;10;160;800;140;10;700;870;33;10;110;840;126;0;110;870;1065;130;394;330;730;680;0;2893;26;11;2018;L;42;3867;3004;F4:9B:0B:3F:1D:F9
10:29:22.871;115;202132;2140;34770;132;110;2140;2140;67;120;2140;2140;91;110;2140;2140;60;90;1810;2140;104;0;2140;2140;61;50;920;2140;204;0;930;2140;670;2140;0;0;875;910;5;2894;26;11;2018;L;42;3867;3004;F4:9B:0B:3F:1D:F9
10:29:26.460;115;0;50;40080;0;0;0;0;0;0;0;0;0;0;0;0;0;0;0;0;0;0;0;0;10;0;50;50;0;0;0;0;0;0;0;0;18;50;3;2894;26;11;2018;L;42;3867;3000;F4:9B:0B:3F:1D:F9
10:29:28.045;116;207461;830;40730;67;10;110;830;34;70;110;210;53;10;100;830;11;90;110;760;73;30;210;830;117;10;160;830;340;0;170;830;283;110;0;0;1130;130;0;2895;26;11;2018;L;42;3867;3000;F4:9B:0B:3F:1D:F9
10:29:28.708;117;208761;740;1070;98;10;50;740;56;20;50;660;108;10;500;700;62;20;580;740;136;0;730;740;58;10;160;740;226;0;200;740;800;60;775;80;980;160;0;2896;26;11;2018;L;42;3867;3000;F4:9B:0B:3F:1D:F9
10:29:30.040;118;209991;840;2300;74;0;40;840;29;10;40;840;68;0;40;840;59;20;200;780;178;20;600;840;21;20;150;840;56;10;650;840;400;40;236;70;625;180;0;2897;26;11;2018;L;42;3867;3000;F4:9B:0B:3F:1D:F9
10:29:32.363;119;212781;270;5090;0;0;0;0;0;0;0;0;0;0;0;0;0;0;0;0;0;0;0;0;16;0;80;270;0;0;0;0;0;0;0;0;32;80;0;2898;26;11;2018;L;42;3867;3000;F4:9B:0B:3F:1D:F9
10:29:34.435;120;213691;970;6000;138;90;560;970;68;80;560;970;112;80;560;970;23;100;160;970;36;0;180;930;45;90;810;970;148;0;840;970;760;580;0;0;607;830;0;2899;26;11;2018;L;42;3867;3000;F4:9B:0B:3F:1D:F9
10:29:36.418;121;215241;1310;7550;142;0;40;1310;79;0;40;1310;113;0;40;1310;37;10;160;1280;160;10;980;1310;48;10;570;1310;192;0;620;1310;955;140;690;690;785;900;0;2900;26;11;2018;L;42;3867;3000;F4:9B:0B:3F:1D:F9
10:29:38.392;122;218741;330;11050;0;0;0;0;0;0;0;0;0;0;0;0;0;0;0;0;0;0;0;0;15;0;80;330;0;0;0;0;0;0;0;0;30;80;0;2901;26;11;2018;L;42;3867;2996;F4:9B:0B:3F:1D:F9
10:29:40.368;123;219791;810;12100;99;10;60;770;56;10;60;770;100;0;60;760;53;10;460;790;67;10;460;810;40;20;450;810;112;0;190;810;815;190;562;360;705;460;0;2902;26;11;2018;L;42;3867;3000;F4:9B:0B:3F:1D:F9
10:29:41.393;124;221141;1030;13450;71;20;270;1000;0;0;0;0;85;0;300;1000;90;20;560;980;68;320;880;1030;0;0;0;0;80;0;900;1030;547;560;484;610;514;670;0;2903;26;11;2018;L;42;3867;3000;F4:9B:0B:3F:1D:F9
10:29:43.604;125;222671;1170;14980;94;0;120;1170;52;0;120;1170;91;0;120;1160;44;20;140;560;93;20;930;1160;89;20;990;1170;250;0;510;1170;940;210;855;410;880;480;0;2904;26;11;2018;L;42;3867;3000;F4:9B:0B:3F:1D:F9
10:29:47.329;126;227301;800;19610;121;0;180;730;69;0;180;630;114;0;180;740;31;10;430;650;71;10;610;790;29;500;770;770;232;0;620;800;810;190;670;350;795;610;0;2905;26;11;2018;L;42;3867;3000;F4:9B:0B:3F:1D:F9
10:29:48.616;127;228351;1040;20660;89;110;510;1030;42;110;520;1030;98;110;480;1030;48;70;420;590;72;10;110;960;33;760;1040;1040;202;0;900;1040;715;500;680;590;760;860;0;2906;26;11;2018;L;42;3867;3000;F4:9B:0B:3F:1D:F9
10:29:50.774;128;230011;990;22320;72;0;60;980;17;20;60;960;73;0;60;980;14;30;60;870;90;20;780;990;12;900;930;990;36;700;800;990;352;60;216;120;250;730;0;2907;26;11;2018;L;42;3867;3000;F4:9B:0B:3F:1D:F9
10:29:52.531;129;231401;1350;23710;83;0;50;1350;30;10;1350;1350;92;0;60;1340;20;30;400;1350;110;20;490;1340;0;0;0;0;93;10;1350;1350;484;60;388;450;412;490;0;2908;26;11;2018;L;42;3867;3000;F4:9B:0B:3F:1D:F9
10:29:56.038;130;234891;940;27200;164;0;440;910;75;20;470;890;116;0;380;900;32;0;100;890;0;0;0;0;56;370;740;930;127;380;760;940;795;640;0;0;490;760;0;2909;26;11;2018;L;42;3867;3000;F4:9B:0B:3F:1D:F9
10:29:57.186;131;236271;920;28580;160;0;180;900;81;10;180;890;138;0;180;890;13;30;160;870;10;30;820;820;24;20;60;920;98;10;920;920;840;180;0;0;277;140;0;2910;26;11;2018;L;42;3867;3000;F4:9B:0B:3F:1D:F9
10:29:58.015;132;237521;1100;29830;87;0;120;440;50;10;120;450;77;10;120;440;0;0;0;0;246;20;480;1100;71;90;290;1060;364;10;350;1100;355;120;0;0;965;340;0;2911;26;11;2018;L;42;3867;3000;F4:9B:0B:3F:1D:F9
10:30:01.181;133;239531;1920;31840;107;690;1470;1920;37;1260;1480;1910;98;670;1430;1920;39;640;800;1610;34;230;1810;1810;20;1660;1920;1920;202;0;1790;1920;553;1460;484;1590;580;1720;0;2912;26;11;2018;L;42;3867;3000;F4:9B:0B:3F:1D:F9
10:30:03.860;134;241951;2050;34260;166;0;50;1970;96;0;50;1920;140;0;50;2000;34;10;2050;2050;109;10;720;2050;34;20;550;2020;220;10;730;2050;920;50;650;500;835;730;5;2913;26;11;2018;L;42;3867;3000;F4:9B:0B:3F:1D:F9
10:30:04.633;135;244451;120;36760;21;0;120;120;0;0;0;0;28;0;120;120;16;0;120;120;0;0;0;0;0;0;0;0;0;0;0;0;134;120;0;0;0;0;4;2914;26;11;2018;L;42;3867;3000;F4:9B:0B:3F:1D:F9
App_time;Step_number;Insole_timer;Contact_time;ESW_timer;S0_force;S0_start_time;S0_max_time;S0_end_time;S1_force;S1_start_time;S1_max_time;S1_end_time;S2_force;S2_start_time;S2_max_time;S2_end_time;S3_force;S3_start_time;S3_max_time;S3_end_time;S4_force;S4_start_time;S4_max_time;S4_end_time;S5_force;S5_start_time;S5_max_time;S5_end_time;S6_force;S6_start_time;S6_max_time;S6_end_time;F1_force;F1_time;F2_force;F2_time;F3_force;F3_time;Warning_code;Lifetime_steps;Day;Month;Year;Left/Right;Size;Insole_id;Battery;MAC
10:25:55.270;1;0;590;21400;0;0;0;0;0;0;0;0;0;0;0;0;0;0;0;0;41;0;410;590;0;0;0;0;47;10;450;590;20;400;0;0;150;450;0;3021;26;11;2018;R;42;5820;3028;E0:85:C6:A8:ED:F2
10:25:58.650;2;2780;1730;24180;59;100;960;1710;30;710;960;1680;39;110;940;1710;22;870;1310;1630;75;0;1370;1730;64;110;1370;1730;170;0;1370;1730;168;900;54;1150;568;1370;0;3022;26;11;2018;R;42;5820;3032;E0:85:C6:A8:ED:F2
10:26:00.153;3;4680;710;26080;41;20;140;710;24;20;150;680;27;20;140;670;25;20;200;700;78;20;270;710;89;70;490;710;296;0;500;710;156;150;0;0;900;490;0;3023;26;11;2018;R;42;5820;3032;E0:85:C6:A8:ED:F2
10:26:00.805;4;5530;1140;26930;87;0;1080;1140;57;0;1070;1140;55;0;20;1140;23;0;790;970;82;0;820;1130;126;10;1140;1140;330;0;1140;1140;915;390;162;630;1255;1110;0;3024;26;11;2018;R;42;5820;3032;E0:85:C6:A8:ED:F2
10:26:02.370;5;7260;760;28660;115;0;80;730;80;0;80;730;88;0;80;730;31;0;120;750;87;0;250;750;102;0;490;760;346;0;480;760;1000;180;835;400;990;480;0;3025;26;11;2018;R;42;5820;3032;E0:85:C6:A8:ED:F2
10:26:03.145;6;8240;760;29640;71;10;30;760;46;10;30;760;48;10;30;760;45;20;230;760;119;0;210;760;41;10;490;740;154;0;160;760;523;40;451;60;835;130;0;3026;26;11;2018;R;42;5820;3032;E0:85:C6:A8:ED:F2
10:26:04.195;7;9340;710;30740;122;10;60;680;70;10;60;680;67;10;60;570;78;20;420;700;144;10;560;710;51;0;150;700;160;0;140;690;740;60;0;0;990;140;0;3027;26;11;2018;R;42;5820;3028;E0:85:C6:A8:ED:F2
10:26:05.083;8;10340;600;31740;85;0;30;550;43;0;30;410;55;0;30;540;43;10;100;420;128;0;250;600;90;10;220;580;306;0;220;600;346;30;0;0;1165;190;0;3028;26;11;2018;R;42;5820;3028;E0:85:C6:A8:ED:F2
10:26:06.420;9;11500;680;32900;48;30;580;680;24;480;580;680;0;0;0;0;30;20;170;680;89;10;240;610;51;80;170;670;202;0;170;660;295;500;252;440;755;170;0;3029;26;11;2018;R;42;5820;3028;E0:85:C6:A8:ED:F2
10:26:07.270;10;12370;100;33770;0;0;0;0;0;0;0;0;0;0;0;0;0;0;0;0;0;0;0;0;0;0;0;0;14;0;100;100;0;0;0;0;28;100;4;3030;26;11;2018;R;42;5820;3028;E0:85:C6:A8:ED:F2
10:26:09.216;11;13270;1790;34670;140;0;1230;1750;70;30;1230;1750;77;120;1230;1760;28;1090;1230;1750;57;160;1310;1770;115;190;1650;1790;208;10;1650;1790;870;1290;840;1450;865;1510;0;3031;26;11;2018;R;42;5820;3024;E0:85:C6:A8:ED:F2
10:26:10.302;12;15240;910;36640;105;0;30;880;70;10;30;870;58;10;30;880;33;10;330;770;132;10;470;910;44;10;350;910;204;10;350;910;571;30;541;50;825;350;0;3032;26;11;2018;R;42;5820;3024;E0:85:C6:A8:ED:F2
10:26:11.350;13;16200;990;37600;138;250;610;990;72;300;610;990;73;300;590;980;0;0;0;0;71;0;250;860;46;150;360;990;218;0;350;990;577;610;0;0;805;610;0;3033;26;11;2018;R;42;5820;3024;E0:85:C6:A8:ED:F2
10:26:12.296;14;17510;630;38910;128;0;100;630;78;10;110;590;78;0;100;620;48;10;160;500;89;10;280;630;85;20;310;630;296;10;320;630;553;100;0;0;1095;190;0;3034;26;11;2018;R;42;5820;3024;E0:85:C6:A8:ED:F2
10:26:14.034;15;18320;1560;39720;102;0;1430;1560;64;0;780;1560;86;0;1420;1560;61;10;1120;1560;83;10;190;1560;72;10;260;1500;304;0;260;1560;975;780;690;500;960;250;0;3035;26;11;2018;R;42;5820;3024;E0:85:C6:A8:ED:F2
10:26:15.856;16;20400;720;840;146;0;120;720;80;0;130;690;103;0;130;690;67;0;510;720;102;10;590;720;14;50;190;690;58;0;520;710;845;180;0;0;478;580;0;3036;26;11;2018;R;42;5820;3024;E0:85:C6:A8:ED:F2
10:26:17.750;17;22400;970;2840;78;0;30;970;45;10;30;970;52;0;30;970;50;10;240;970;194;0;710;950;62;10;170;970;250;0;190;970;397;30;0;0;1120;180;0;3037;26;11;2018;R;42;5820;3020;E0:85:C6:A8:ED:F2
10:26:18.811;18;23810;830;4250;146;0;40;830;81;10;40;830;81;0;40;830;28;10;40;830;102;10;600;830;62;10;380;690;202;0;380;830;800;40;607;80;785;330;0;3038;26;11;2018;R;42;5820;3020;E0:85:C6:A8:ED:F2
10:26:20.713;19;25660;780;6100;84;0;240;750;40;10;240;700;44;0;220;740;28;0;220;780;0;0;0;0;0;0;0;0;33;0;300;780;415;260;0;0;96;300;0;3039;26;11;2018;R;42;5820;3020;E0:85:C6:A8:ED:F2
10:26:21.877;20;26810;800;7250;123;10;60;760;60;10;60;760;74;10;50;760;57;10;170;680;83;10;570;780;69;320;610;790;244;0;620;800;740;140;556;300;850;580;0;3040;26;11;2018;R;42;5820;3020;E0:85:C6:A8:ED:F2
10:26:22.928;21;27890;820;8330;79;10;40;600;48;10;100;590;52;10;100;600;42;0;120;410;108;10;200;810;106;20;230;630;330;0;240;820;328;100;0;0;1185;180;0;3041;26;11;2018;R;42;5820;3016;E0:85:C6:A8:ED:F2
10:26:23.881;22;28900;800;9340;64;20;110;770;40;20;110;770;40;20;100;770;35;20;220;740;120;0;610;800;54;10;170;800;158;0;170;800;352;110;0;0;820;150;0;3042;26;11;2018;R;42;5820;3016;E0:85:C6:A8:ED:F2
10:26:25.867;23;30090;1590;10530;204;0;940;1590;105;10;940;1590;114;10;560;1590;57;10;220;1580;90;10;200;1590;27;30;910;1590;115;10;160;1590;1035;940;855;350;1040;150;0;3043;26;11;2018;R;42;5820;3020;E0:85:C6:A8:ED:F2
10:26:28.372;24;33450;730;13890;176;0;40;720;101;10;40;640;126;0;40;730;56;10;40;730;125;0;540;730;60;10;140;650;252;0;130;730;1330;40;995;80;1420;140;0;3044;26;11;2018;R;42;5820;3020;E0:85:C6:A8:ED:F2
10:26:29.629;25;34870;570;15310;140;0;50;550;81;0;90;530;82;0;90;520;82;0;210;550;164;0;400;570;32;0;380;550;113;0;350;560;820;180;619;290;730;360;0;3045;26;11;2018;R;42;5820;3016;E0:85:C6:A8:ED:F2
10:26:30.750;26;35650;700;16090;68;10;40;650;36;10;40;690;44;10;30;650;28;10;40;690;266;20;550;700;74;20;200;690;274;0;210;690;478;40;412;60;870;200;0;3046;26;11;2018;R;42;5820;3020;E0:85:C6:A8:ED:F2
10:26:31.717;27;36640;890;17080;180;0;50;590;99;10;50;570;102;0;40;560;64;20;370;890;128;20;890;890;44;20;180;890;262;10;200;890;1280;50;895;90;1120;140;0;3047;26;11;2018;R;42;5820;3020;E0:85:C6:A8:ED:F2
10:26:33.638;28;38770;680;19210;110;0;40;650;60;0;150;580;61;10;40;650;39;10;140;590;88;10;540;680;70;50;490;680;208;0;490;680;845;190;628;360;780;490;0;3048;26;11;2018;R;42;5820;3020;E0:85:C6:A8:ED:F2
10:26:34.594;29;39700;710;20140;122;0;100;660;73;0;110;660;77;0;90;660;57;0;140;560;94;10;230;690;63;60;260;700;292;0;260;710;616;100;0;0;1200;180;0;3049;26;11;2018;R;42;5820;3016;E0:85:C6:A8:ED:F2
10:26:36.154;30;40670;1130;21110;111;0;1130;1130;62;10;1130;1130;72;0;1130;1130;99;10;380;1130;98;10;390;1130;53;10;190;1130;210;10;200;1040;598;1130;376;600;935;300;0;3050;26;11;2018;R;42;5820;3020;E0:85:C6:A8:ED:F2
10:26:37.755;31;42650;890;23090;114;0;30;890;66;0;30;880;75;0;450;660;63;10;170;890;108;10;250;850;56;10;150;860;188;0;150;890;625;30;0;0;1035;140;0;3051;26;11;2018;R;42;5820;3016;E0:85:C6:A8:ED:F2
10:26:41.374;32;45640;1520;26080;134;0;1020;1520;76;10;1020;1520;84;10;1020;1520;65;160;1110;1310;118;160;1170;1520;88;980;1250;1520;288;110;1260;1520;601;1020;0;0;1165;1150;0;3052;26;11;2018;R;42;5820;3016;E0:85:C6:A8:ED:F2
10:26:42.388;33;47500;670;27940;138;0;40;650;77;10;40;650;92;10;40;650;69;0;100;410;164;0;210;670;81;10;190;670;290;0;190;670;592;40;0;0;1215;120;0;3053;26;11;2018;R;42;5820;3016;E0:85:C6:A8:ED:F2
10:26:43.596;34;48550;800;28990;162;0;60;720;87;10;50;640;96;10;50;690;66;20;600;800;101;20;690;770;70;30;190;800;266;20;210;800;945;50;775;90;1140;150;0;3054;26;11;2018;R;42;5820;3020;E0:85:C6:A8:ED:F2
10:26:45.473;35;50690;570;31130;192;0;60;570;117;10;60;570;109;10;60;570;87;20;170;570;119;10;170;570;50;20;110;540;158;10;120;570;1210;70;1160;90;1225;140;0;3055;26;11;2018;R;42;5820;3020;E0:85:C6:A8:ED:F2
10:26:46.753;36;51760;770;32200;132;10;190;730;76;20;190;730;84;20;150;730;40;10;150;630;48;0;150;740;101;10;590;770;300;0;580;770;945;190;760;380;955;570;0;3056;26;11;2018;R;42;5820;3020;E0:85:C6:A8:ED:F2
10:26:47.698;37;52820;660;33260;210;0;110;620;120;10;110;620;119;10;100;620;43;10;40;390;61;10;130;620;65;20;250;660;250;10;260;660;1360;120;0;0;1290;260;0;3057;26;11;2018;R;42;5820;3020;E0:85:C6:A8:ED:F2
10:26:48.789;38;53870;700;34310;190;0;60;640;111;10;60;590;103;10;60;630;78;20;520;700;130;20;700;700;31;30;70;700;125;20;60;700;1145;60;490;630;583;700;0;3058;26;11;2018;R;42;5820;3020;E0:85:C6:A8:ED:F2
10:26:51.286;39;55400;1650;35840;154;0;1650;1650;99;10;1650;1650;50;0;1650;1650;43;10;1590;1650;75;0;1620;1650;69;10;760;1650;176;0;770;1650;640;1650;0;0;660;760;0;3059;26;11;2018;R;42;5820;3020;E0:85:C6:A8:ED:F2
10:26:53.191;40;57840;980;38280;119;0;130;980;54;10;520;930;99;0;150;970;52;20;170;760;57;30;660;980;56;540;710;950;194;20;710;980;685;160;553;270;725;620;0;3060;26;11;2018;R;42;5820;3016;E0:85:C6:A8:ED:F2
10:26:54.159;41;59090;620;39530;150;0;110;620;86;0;120;590;88;0;40;620;30;10;30;450;80;10;310;610;108;10;360;620;296;0;370;620;571;110;0;0;1045;190;0;3061;26;11;2018;R;42;5820;3016;E0:85:C6:A8:ED:F2
10:26:55.052;42;59990;820;40430;152;0;50;760;80;10;50;760;93;0;50;760;59;10;130;540;103;10;600;820;86;20;410;770;276;0;380;820;855;50;795;80;1055;160;0;3062;26;11;2018;R;42;5820;3016;E0:85:C6:A8:ED:F2
10:26:56.511;43;61700;570;1180;81;20;430;560;38;30;430;550;61;30;430;560;45;10;430;570;97;20;270;570;52;20;160;470;180;0;170;540;680;380;650;300;800;150;0;3063;26;11;2018;R;42;5820;3016;E0:85:C6:A8:ED:F2
10:26:57.884;44;62630;910;2110;114;0;110;880;55;0;110;870;90;0;130;870;68;0;190;870;168;10;740;910;0;0;0;0;49;0;150;900;815;160;415;530;517;740;0;3064;26;11;2018;R;42;5820;3016;E0:85:C6:A8:ED:F2
10:26:59.310;45;63940;710;3420;180;0;160;690;100;0;160;610;102;0;50;650;50;10;40;580;55;10;40;680;95;30;540;700;296;10;540;710;1050;160;628;350;930;530;0;3065;26;11;2018;R;42;5820;3016;E0:85:C6:A8:ED:F2
10:27:00.135;46;64950;950;4430;192;10;770;950;101;10;110;950;86;60;180;950;22;70;100;850;51;20;130;860;34;20;590;750;132;0;70;950;1040;100;0;0;705;90;0;3066;26;11;2018;R;42;5820;3016;E0:85:C6:A8:ED:F2
10:27:01.729;47;66440;840;5920;154;0;170;840;98;0;170;770;82;0;40;760;37;10;30;730;54;10;100;520;70;10;200;840;232;10;210;840;975;170;0;0;1245;180;0;3067;26;11;2018;R;42;5820;3016;E0:85:C6:A8:ED:F2
10:27:02.753;48;67580;900;7060;186;0;40;900;111;0;40;810;109;0;40;800;66;0;350;890;87;10;360;900;70;0;170;820;208;0;150;890;1105;40;1045;70;1140;130;0;3068;26;11;2018;R;42;5820;3016;E0:85:C6:A8:ED:F2
10:27:04.303;49;68820;1210;8300;130;100;620;1190;67;440;610;1150;126;430;630;1210;98;150;640;1210;89;120;1200;1200;18;0;280;740;41;40;560;1200;985;620;0;0;376;570;0;3069;26;11;2018;R;42;5820;3016;E0:85:C6:A8:ED:F2
10:27:05.913;50;70830;720;10310;102;0;20;720;52;0;20;700;67;0;20;690;30;0;300;600;102;10;370;720;66;10;210;710;262;0;210;720;604;20;451;60;960;210;0;3070;26;11;2018;R;42;5820;3016;E0:85:C6:A8:ED:F2
10:27:07.252;51;72340;660;11820;172;0;60;660;105;10;60;660;86;10;60;650;91;20;430;630;102;10;210;660;52;20;140;630;182;10;140;660;1070;60;1025;90;1180;150;0;3071;26;11;2018;R;42;5820;3016;E0:85:C6:A8:ED:F2
10:27:09.008;52;73620;920;13100;166;10;180;900;81;10;180;890;109;10;190;890;48;20;520;840;110;0;770;920;51;20;680;900;146;0;700;920;830;180;685;310;790;510;0;3072;26;11;2018;R;42;5820;3016;E0:85:C6:A8:ED:F2
10:27:09.858;53;74810;790;14290;100;10;120;720;61;10;150;720;70;10;120;730;53;10;160;680;92;0;220;760;74;50;600;760;230;0;610;790;1090;180;645;410;810;580;0;3073;26;11;2018;R;42;5820;3016;E0:85:C6:A8:ED:F2
10:27:11.124;54;75910;950;15390;216;0;140;940;122;0;130;940;108;0;160;940;45;10;390;860;47;20;740;950;80;20;790;950;224;0;790;950;1115;140;700;290;845;770;0;3074;26;11;2018;R;42;5820;3016;E0:85:C6:A8:ED:F2
10:27:13.087;55;77090;1190;16570;83;0;90;1120;42;0;90;380;40;10;110;340;19;10;150;1110;196;10;700;1190;83;50;270;1110;274;0;290;1190;301;110;0;0;950;270;0;3075;26;11;2018;R;42;5820;3016;E0:85:C6:A8:ED:F2
10:27:14.422;56;79040;350;18520;38;110;350;350;14;200;350;350;28;120;350;350;25;40;350;350;24;10;350;350;0;0;0;0;24;0;140;140;304;350;0;0;218;350;0;3076;26;11;2018;R;42;5820;3016;E0:85:C6:A8:ED:F2
10:27:19.354;57;84400;140;23880;18;0;140;140;0;0;0;0;0;0;0;0;0;0;0;0;17;0;140;140;0;0;0;0;15;30;140;140;16;140;0;0;32;140;4;3077;26;11;2018;R;42;5820;3016;E0:85:C6:A8:ED:F2
10:27:21.244;58;86210;770;25690;66;10;70;740;41;10;100;730;43;10;110;730;51;0;200;720;150;0;630;770;47;10;170;760;138;0;230;770;830;170;610;490;680;600;0;3078;26;11;2018;R;42;5820;3016;E0:85:C6:A8:ED:F2
10:27:23.211;59;87250;1690;26730;164;0;470;1640;96;10;470;1640;80;10;70;1640;37;10;50;1450;35;20;240;1690;65;0;760;1670;182;10;260;1690;920;580;885;480;1025;310;0;3079;26;11;2018;R;42;5820;3016;E0:85:C6:A8:ED:F2
10:27:24.855;60;89340;1130;28820;142;10;860;1100;85;10;860;1090;74;10;820;1060;45;0;100;1030;104;10;580;1050;71;20;950;1080;226;0;420;1130;1065;900;840;340;990;120;0;3080;26;11;2018;R;42;5820;3016;E0:85:C6:A8:ED:F2
10:27:25.699;61;90770;640;30250;130;10;130;620;79;10;130;490;74;10;140;620;51;0;230;410;96;0;340;630;76;0;360;640;236;0;370;640;562;140;0;0;955;290;0;3081;26;11;2018;R;42;5820;3016;E0:85:C6:A8:ED:F2
10:27:26.769;62;91720;760;31200;81;10;100;710;55;0;100;710;56;10;100;710;46;0;120;420;94;0;300;740;99;20;230;750;288;0;230;760;394;100;0;0;1165;190;0;3082;26;11;2018;R;42;5820;3016;E0:85:C6:A8:ED:F2
10:27:28.071;63;92850;930;32330;140;0;50;860;78;10;110;660;69;0;40;710;70;10;580;930;111;10;660;930;59;10;200;860;168;0;210;930;725;40;690;70;1010;200;0;3083;26;11;2018;R;42;5820;3016;E0:85:C6:A8:ED:F2
10:27:29.793;64;94790;720;34270;132;0;130;640;74;0;130;630;92;10;180;630;63;10;220;640;64;20;580;720;55;10;530;690;150;0;540;720;870;190;616;410;680;520;0;3084;26;11;2018;R;42;5820;3016;E0:85:C6:A8:ED:F2
10:27:30.870;65;95730;630;35210;59;10;30;630;37;10;30;620;36;10;30;620;35;10;140;530;83;10;220;620;126;10;340;630;364;0;360;630;412;30;358;60;1055;360;0;3085;26;11;2018;R;42;5820;3016;E0:85:C6:A8:ED:F2
10:27:31.537;66;96580;670;36060;70;10;30;640;40;10;30;630;46;10;30;630;31;10;120;340;99;0;310;660;83;10;500;670;268;0;490;670;475;30;397;60;855;480;0;3086;26;11;2018;R;42;5820;3016;E0:85:C6:A8:ED:F2
10:27:32.628;67;97510;830;36990;116;0;40;830;64;0;40;530;69;0;30;750;65;10;120;330;113;10;270;780;69;10;260;830;268;0;270;830;517;40;0;0;1105;130;0;3087;26;11;2018;R;42;5820;3016;E0:85:C6:A8:ED:F2
10:27:34.355;68;98430;1630;37910;74;90;200;1620;47;90;200;1630;30;100;1020;1620;41;920;1190;1600;136;100;1470;1630;63;40;180;1630;242;0;1320;1630;770;200;64;460;780;1230;0;3088;26;11;2018;R;42;5820;3016;E0:85:C6:A8:ED:F2
10:27:35.371;69;100430;650;39910;302;0;50;620;204;0;50;610;144;0;40;610;94;10;150;590;138;10;210;650;53;10;60;650;190;0;490;650;1840;50;690;350;785;490;0;3089;26;11;2018;R;42;5820;3016;E0:85:C6:A8:ED:F2
10:27:37.011;70;101300;750;40780;33;40;80;700;19;50;80;380;27;40;80;380;40;40;90;380;102;0;290;750;55;60;230;700;228;0;510;750;158;80;0;0;895;220;0;3090;26;11;2018;R;42;5820;3016;E0:85:C6:A8:ED:F2
10:27:38.640;71;102410;1330;930;144;140;610;1330;59;330;610;990;95;320;610;1330;56;340;700;1330;34;650;980;980;25;720;1330;1330;51;0;1330;1330;622;840;550;1140;571;1280;0;3091;26;11;2018;R;42;5820;3016;E0:85:C6:A8:ED:F2
10:27:39.257;72;104390;0;2910;1;0;0;0;0;0;0;0;0;0;0;0;0;0;0;0;0;0;0;0;0;0;0;0;0;0;0;0;2;0;0;0;0;0;4;3092;26;11;2018;R;42;5820;3016;E0:85:C6:A8:ED:F2
10:27:41.165;73;105260;1050;3780;71;0;950;1020;35;120;950;950;51;0;330;950;59;120;500;1020;81;490;900;1050;17;610;770;1030;62;530;830;1040;289;950;0;0;352;370;0;3093;26;11;2018;R;42;5820;3016;E0:85:C6:A8:ED:F2
10:27:41.813;74;106710;790;5230;114;0;150;790;64;10;160;740;80;0;40;790;41;0;40;630;47;10;220;770;106;80;420;790;286;0;430;790;457;150;0;0;935;410;0;3094;26;11;2018;R;42;5820;3012;E0:85:C6:A8:ED:F2
10:27:42.932;75;107860;760;6380;64;10;30;760;38;10;30;760;46;10;90;760;61;0;140;760;94;0;190;720;56;20;390;760;190;0;360;760;328;30;0;0;860;200;0;3095;26;11;2018;R;42;5820;3012;E0:85:C6:A8:ED:F2
10:27:44.827;76;109350;950;7870;52;40;200;930;29;50;200;930;30;50;200;930;21;130;250;900;130;40;810;950;51;50;300;940;190;0;740;950;715;300;616;640;745;780;0;3096;26;11;2018;R;42;5820;3012;E0:85:C6:A8:ED:F2
10:27:46.433;77;110550;1570;9070;113;0;50;1530;59;10;50;1530;69;0;40;1530;103;10;850;1540;95;20;700;1570;60;10;190;1550;252;10;230;1570;695;50;655;70;1025;290;0;3097;26;11;2018;R;42;5820;3016;E0:85:C6:A8:ED:F2
10:27:47.542;78;112410;820;10930;130;10;60;680;75;10;60;360;87;10;60;630;68;10;120;690;81;20;570;810;47;20;240;760;216;0;260;820;1065;140;670;420;810;570;0;3098;26;11;2018;R;42;5820;3016;E0:85:C6:A8:ED:F2
10:27:50.095;79;114350;1420;12870;134;0;180;1410;78;0;180;1400;81;0;180;1400;83;10;1040;1380;146;10;1230;1420;37;30;460;1400;166;0;710;1420;840;210;805;370;875;660;0;3099;26;11;2018;R;42;5820;3016;E0:85:C6:A8:ED:F2
10:27:51.680;80;116160;1090;14680;142;0;40;1030;78;0;40;1040;94;0;40;1040;49;10;40;550;53;10;410;1050;85;20;550;1060;326;0;550;1090;870;40;592;80;1080;430;0;3100;26;11;2018;R;42;5820;3016;E0:85:C6:A8:ED:F2
10:27:54.095;81;117580;1770;16100;150;550;600;1770;93;550;670;1770;81;550;660;1770;47;560;1090;1770;44;560;1090;1770;50;0;750;1770;166;0;770;1770;1085;720;0;0;1040;770;0;3101;26;11;2018;R;42;5820;3016;E0:85:C6:A8:ED:F2
10:27:56.005;82;120350;1320;18870;85;10;40;400;53;10;40;1270;52;10;40;410;58;0;140;1290;140;0;410;1320;85;0;640;1320;212;0;310;1320;364;40;0;0;855;160;0;3102;26;11;2018;R;42;5820;3016;E0:85:C6:A8:ED:F2
10:27:57.809;83;122590;880;21110;107;0;140;840;61;0;140;840;74;0;150;850;47;10;340;800;72;10;640;880;32;320;650;870;214;10;680;880;735;460;700;540;765;640;0;3103;26;11;2018;R;42;5820;3016;E0:85:C6:A8:ED:F2
10:27:59.324;84;123970;960;22490;101;10;50;890;59;10;50;830;53;10;50;480;27;10;260;840;87;20;680;940;52;20;320;930;272;0;730;960;532;50;484;80;860;720;0;3104;26;11;2018;R;42;5820;3016;E0:85:C6:A8:ED:F2
10:28:01.673;85;125850;1480;24370;142;0;530;1480;57;40;540;1450;119;40;520;1470;66;40;750;1450;98;10;840;1480;23;700;840;1480;89;180;840;1480;780;540;628;690;655;740;0;3105;26;11;2018;R;42;5820;3016;E0:85:C6:A8:ED:F2
10:28:02.839;86;127690;810;26210;132;10;60;760;77;20;60;760;92;10;50;760;59;10;140;520;134;0;250;800;70;10;170;780;322;10;180;810;680;60;0;0;1380;150;0;3106;26;11;2018;R;42;5820;3012;E0:85:C6:A8:ED:F2
10:28:04.307;87;128900;520;27420;77;40;260;510;47;40;450;450;63;30;240;450;62;0;90;520;67;0;100;470;0;0;0;0;81;0;320;520;775;300;0;0;695;320;0;3107;26;11;2018;R;42;5820;3012;E0:85:C6:A8:ED:F2
10:28:10.100;87;0;210;33860;87;0;210;210;39;30;200;200;59;0;210;210;25;10;200;200;0;0;0;0;0;0;0;0;0;0;0;0;385;210;0;0;0;0;3;3107;26;11;2018;R;42;5820;3016;E0:85:C6:A8:ED:F2
10:28:12.378;88;135298;1070;34290;57;10;60;1000;34;10;60;1040;39;10;120;1030;87;10;290;1070;148;10;570;1050;37;20;840;1040;150;0;740;1070;720;290;568;650;613;740;0;3108;26;11;2018;R;42;5820;3016;E0:85:C6:A8:ED:F2
10:28:13.310;89;137728;450;36720;120;20;50;440;80;20;50;420;65;20;40;420;72;10;350;450;28;0;20;450;0;0;0;0;50;0;140;350;665;50;487;90;640;220;0;3109;26;11;2018;R;42;5820;3016;E0:85:C6:A8:ED:F2
10:28:13.899;90;138378;690;37370;134;0;30;610;72;0;20;390;69;0;20;630;84;10;320;690;222;10;690;690;45;10;160;690;218;0;160;690;685;30;481;60;940;190;0;3110;26;11;2018;R;42;5820;3016;E0:85:C6:A8:ED:F2
10:28:15.243;91;139618;790;38610;97;10;30;750;61;10;30;750;56;10;30;750;38;10;30;750;146;10;620;790;80;10;200;770;308;0;210;790;665;40;604;60;955;180;0;3111;26;11;2018;R;42;5820;3016;E0:85:C6:A8:ED:F2
10:28:17.510;92;140868;1040;39860;144;0;50;1040;84;0;50;1040;75;0;160;900;119;0;460;1040;116;10;620;1040;22;10;140;360;111;0;130;1040;970;160;820;340;855;480;0;3112;26;11;2018;R;42;5820;3016;E0:85:C6:A8:ED:F2
10:28:18.048;93;142308;900;340;90;0;300;900;36;10;310;880;91;0;300;880;59;10;320;840;116;0;680;900;39;520;640;900;170;60;660;900;680;320;466;510;695;640;0;3113;26;11;2018;R;42;5820;3016;E0:85:C6:A8:ED:F2
10:28:18.874;94;143448;590;1480;152;0;590;590;85;0;140;590;111;0;540;590;114;10;300;590;92;20;300;560;29;20;180;400;148;10;170;590;885;590;790;430;1160;220;0;3114;26;11;2018;R;42;5820;3016;E0:85:C6:A8:ED:F2
10:28:21.415;95;145058;1520;3090;111;0;340;1100;54;10;350;1200;104;0;340;1250;75;20;490;1420;162;20;690;1520;72;900;1520;1520;238;40;1520;1520;725;350;216;1130;870;1520;0;3115;26;11;2018;R;42;5820;3016;E0:85:C6:A8:ED:F2
10:28:23.657;96;148138;670;6170;122;20;400;610;75;20;390;600;64;20;120;570;58;20;90;570;67;0;120;510;48;60;300;670;236;10;280;670;665;400;0;0;1030;200;0;3116;26;11;2018;R;42;5820;3016;E0:85:C6:A8:ED:F2
10:28:25.281;97;149398;820;7430;154;0;60;740;83;10;60;720;101;0;50;640;49;10;50;720;51;10;260;750;63;110;630;770;270;10;630;820;840;60;640;110;905;200;0;3117;26;11;2018;R;42;5820;3012;E0:85:C6:A8:ED:F2
10:28:26.504;98;150678;980;8710;96;0;40;950;58;0;40;870;62;0;140;940;114;0;270;980;127;10;740;980;39;10;540;980;182;0;610;980;577;40;469;70;970;220;0;3118;26;11;2018;R;42;5820;3012;E0:85:C6:A8:ED:F2
10:28:29.515;99;153238;1220;11270;125;0;180;1220;66;20;190;1220;90;10;80;1220;72;30;320;1000;117;30;380;1220;52;50;920;1220;188;20;930;1220;1020;270;604;770;840;920;0;3119;26;11;2018;R;42;5820;3012;E0:85:C6:A8:ED:F2
10:28:31.045;100;154708;830;12740;115;10;830;830;52;20;830;830;110;20;800;800;107;10;670;830;55;10;410;830;20;20;130;310;86;0;190;780;905;710;860;830;905;710;0;3120;26;11;2018;R;42;5820;3012;E0:85:C6:A8:ED:F2
10:28:32.481;101;156628;990;14660;87;0;30;990;47;10;90;990;52;0;30;380;41;10;220;990;61;10;320;930;86;30;620;950;350;10;580;990;505;30;463;50;1115;490;0;3121;26;11;2018;R;42;5820;3016;E0:85:C6:A8:ED:F2
10:28:34.308;102;158448;900;16480;118;0;140;870;73;10;150;860;83;0;140;860;88;0;430;860;148;0;750;900;0;0;0;0;123;0;710;900;875;210;685;580;730;710;0;3122;26;11;2018;R;42;5820;3016;E0:85:C6:A8:ED:F2
10:28:35.287;103;159658;760;17690;110;0;70;760;64;10;80;720;71;0;30;760;55;10;160;520;84;10;260;750;92;10;390;760;316;0;380;760;427;80;0;0;970;350;0;3123;26;11;2018;R;42;5820;3016;E0:85:C6:A8:ED:F2
10:28:36.591;104;160828;900;18860;73;0;110;840;45;10;120;840;48;10;110;600;47;10;190;770;58;20;230;870;78;100;650;880;312;10;650;900;780;230;710;410;980;630;0;3124;26;11;2018;R;42;5820;3016;E0:85:C6:A8:ED:F2
10:28:37.847;105;162208;770;20240;96;0;60;640;54;10;60;730;48;10;50;570;51;10;640;770;83;10;600;770;50;20;250;680;244;10;470;770;820;190;765;320;825;510;0;3125;26;11;2018;R;42;5820;3016;E0:85:C6:A8:ED:F2
10:28:39.900;106;163548;1270;21580;142;20;1140;1270;83;20;1140;1270;105;20;1140;1260;77;30;1270;1270;112;30;1270;1270;78;90;520;1270;336;0;550;1270;1085;1240;162;990;945;530;0;3126;26;11;2018;R;42;5820;3016;E0:85:C6:A8:ED:F2
10:28:42.349;107;166528;950;24560;144;0;50;910;80;10;50;910;88;0;40;910;61;10;180;850;69;10;200;920;85;30;760;950;318;10;760;950;795;50;670;80;1050;720;0;3127;26;11;2018;R;42;5820;3016;E0:85:C6:A8:ED:F2
10:28:43.637;108;167828;940;25860;138;30;510;940;68;130;500;940;73;140;490;940;29;140;450;820;55;40;170;850;54;30;770;940;226;0;140;940;920;500;640;310;995;190;0;3128;26;11;2018;R;42;5820;3016;E0:85:C6:A8:ED:F2
10:28:45.016;109;169258;890;27290;120;10;120;860;80;10;120;870;71;10;110;840;42;10;130;410;59;10;370;880;98;10;330;890;332;0;350;890;478;120;0;0;1015;330;0;3129;26;11;2018;R;42;5820;3016;E0:85:C6:A8:ED:F2
10:28:46.176;110;170588;720;28620;125;10;110;690;77;10;120;690;76;10;110;690;38;10;160;600;57;10;260;700;52;0;390;720;218;0;470;720;640;120;0;0;890;170;0;3130;26;11;2018;R;42;5820;3016;E0:85:C6:A8:ED:F2
10:28:48.157;111;171678;1040;29710;69;40;200;670;44;10;100;770;47;40;210;480;36;0;210;800;97;0;610;1040;54;40;550;830;302;10;570;1040;890;230;755;380;970;580;0;3131;26;11;2018;R;42;5820;3016;E0:85:C6:A8:ED:F2
10:28:49.619;112;173108;1420;31140;91;700;740;1400;48;700;800;1400;57;700;730;1410;41;700;880;1320;63;270;990;1420;86;80;1200;1420;208;0;1200;1420;745;930;690;1110;750;1200;0;3132;26;11;2018;R;42;5820;3016;E0:85:C6:A8:ED:F2
10:28:51.158;113;174988;1060;33020;103;10;180;1060;73;10;180;1040;38;10;160;1040;28;20;250;680;105;30;670;1060;94;0;390;1060;322;0;510;1060;370;180;0;0;885;380;0;3133;26;11;2018;R;42;5820;3016;E0:85:C6:A8:ED:F2
10:28:52.254;114;176468;900;34500;164;0;30;830;97;0;30;830;100;0;20;830;44;0;20;580;102;0;540;880;40;20;540;870;312;0;570;900;905;30;616;70;995;560;0;3134;26;11;2018;R;42;5820;3016;E0:85:C6:A8:ED:F2
10:28:53.722;115;177708;1120;35740;152;50;420;1120;76;20;420;1120;110;60;420;1020;53;30;420;980;42;20;670;1090;41;500;890;1120;156;0;910;1120;875;730;0;0;730;910;0;3135;26;11;2018;R;42;5820;3016;E0:85:C6:A8:ED:F2
10:28:56.016;116;179238;1680;37270;75;30;1680;1680;41;30;1680;1680;44;30;1680;1680;27;30;200;1680;85;0;1670;1670;56;40;370;1650;274;0;420;1680;274;1680;0;0;825;360;0;3136;26;11;2018;R;42;5820;3016;E0:85:C6:A8:ED:F2
10:28:58.160;117;181898;1360;39930;90;0;60;1220;49;10;130;1220;55;0;490;1120;37;10;200;1110;80;20;720;1170;52;20;720;1130;186;10;740;1360;830;260;725;570;835;680;0;3137;26;11;2018;R;42;5820;3016;E0:85:C6:A8:ED:F2
10:28:59.380;118;183518;970;590;140;0;220;930;72;10;220;920;94;10;250;930;97;60;480;960;106;100;840;970;51;40;820;970;164;0;830;970;805;270;775;360;860;810;0;3138;26;11;2018;R;42;5820;3016;E0:85:C6:A8:ED:F2
10:29:00.608;119;184738;760;1810;111;0;120;690;66;0;120;680;85;0;130;750;70;0;170;760;124;10;550;760;27;240;450;760;170;10;460;760;845;150;613;360;665;460;0;3139;26;11;2018;R;42;5820;3016;E0:85:C6:A8:ED:F2
10:29:02.071;120;185888;750;2960;146;0;40;700;86;0;40;700;83;0;40;690;80;10;190;500;125;10;500;750;44;10;350;740;186;10;360;750;830;40;660;70;990;180;0;3140;26;11;2018;R;42;5820;3016;E0:85:C6:A8:ED:F2
10:29:03.282;121;187528;840;4600;154;20;330;750;87;20;270;750;74;20;220;750;28;10;190;740;27;520;640;780;79;10;670;830;248;0;670;840;720;260;628;500;820;660;0;3141;26;11;2018;R;42;5820;3016;E0:85:C6:A8:ED:F2
10:29:04.622;122;188638;1070;5710;178;0;60;1070;106;10;150;1060;100;0;60;1070;63;20;210;1040;82;20;580;1070;58;30;430;1070;264;20;540;1070;1105;60;905;100;1180;170;0;3142;26;11;2018;R;42;5820;3016;E0:85:C6:A8:ED:F2
10:29:05.779;123;190048;820;7120;122;0;60;780;69;10;60;730;70;0;50;400;93;20;210;780;115;20;340;820;26;30;190;780;138;10;620;820;985;180;574;410;720;560;0;3143;26;11;2018;R;42;5820;3016;E0:85:C6:A8:ED:F2
10:29:07.940;124;191798;810;8870;84;0;160;810;61;0;170;810;23;50;180;810;30;90;250;760;117;100;650;810;78;10;360;810;284;0;510;810;840;350;815;460;865;530;0;3144;26;11;2018;R;42;5820;3016;E0:85:C6:A8:ED:F2
10:29:08.543;125;192768;850;9840;51;10;40;800;36;10;120;770;28;20;30;800;32;10;250;540;101;20;350;840;45;20;440;840;322;0;580;850;364;40;295;60;885;580;0;3145;26;11;2018;R;42;5820;3016;E0:85:C6:A8:ED:F2
10:29:09.848;126;194038;900;11110;166;0;270;840;104;10;270;830;86;10;260;740;34;20;140;850;45;20;180;770;50;30;370;890;242;20;450;900;1110;270;0;0;1230;370;0;3146;26;11;2018;R;42;5820;3016;E0:85:C6:A8:ED:F2
10:29:11.384;127;195208;710;12280;164;10;60;710;95;10;60;710;89;20;60;650;63;20;370;650;128;10;480;710;26;20;520;700;128;0;560;710;955;150;710;310;785;450;0;3147;26;11;2018;R;42;5820;3016;E0:85:C6:A8:ED:F2
10:29:13.832;128;197878;1480;14950;130;10;320;1480;77;10;320;1390;74;10;320;1380;60;0;650;1330;80;10;600;1410;73;10;1280;1480;258;0;1280;1480;705;320;0;0;1110;620;0;3148;26;11;2018;R;42;5820;3016;E0:85:C6:A8:ED:F2
10:29:14.928;129;199808;640;16880;142;0;180;610;85;0;180;610;73;40;200;610;54;0;410;600;83;20;510;640;38;10;510;640;176;0;520;640;875;190;720;350;745;470;0;3149;26;11;2018;R;42;5820;3016;E0:85:C6:A8:ED:F2
10:29:16.223;130;200758;670;17830;100;0;30;660;59;0;30;530;59;0;20;540;27;0;20;580;109;10;490;670;71;10;390;670;308;0;400;670;619;30;364;60;910;400;0;3150;26;11;2018;R;42;5820;3016;E0:85:C6:A8:ED:F2
10:29:17.703;131;201978;690;19050;0;0;0;0;0;0;0;0;0;0;0;0;15;530;580;640;152;0;690;690;69;10;190;660;84;0;170;690;0;0;0;0;487;580;0;3151;26;11;2018;R;42;5820;3020;E0:85:C6:A8:ED:F2
10:29:19.389;132;203788;1110;20860;160;10;50;970;86;10;50;980;99;10;500;980;115;0;650;1110;188;10;1110;1110;34;20;630;1110;134;10;640;990;1190;500;0;0;1200;600;0;3152;26;11;2018;R;42;5820;3020;E0:85:C6:A8:ED:F2
10:29:21.664;133;205548;870;22620;166;0;60;870;96;10;60;870;95;0;60;860;107;10;220;870;144;20;550;870;15;40;170;800;70;20;380;870;975;60;710;330;750;520;0;3153;26;11;2018;R;42;5820;3020;E0:85:C6:A8:ED:F2
10:29:22.731;134;207058;970;24130;134;0;160;940;76;10;160;860;81;10;170;930;66;10;640;940;130;10;820;970;0;0;0;0;184;10;790;970;835;200;690;550;800;790;0;3154;26;11;2018;R;42;5820;3020;E0:85:C6:A8:ED:F2
10:29:23.988;135;208688;810;25760;158;0;40;810;96;0;40;810;88;0;30;810;52;0;30;730;92;0;640;810;80;10;660;810;302;0;530;810;1025;40;541;80;885;130;0;3155;26;11;2018;R;42;5820;3020;E0:85:C6:A8:ED:F2
10:29:25.277;136;210408;280;27480;0;0;0;0;0;0;0;0;0;0;0;0;0;0;0;0;0;0;0;0;0;0;0;0;26;0;110;280;0;0;0;0;50;110;0;3156;26;11;2018;R;42;5820;3020;E0:85:C6:A8:ED:F2
10:29:26.759;137;210958;1090;28030;92;60;500;1060;55;60;500;1050;34;50;510;1060;37;50;730;1090;172;10;1090;1090;52;10;880;1090;144;0;880;1090;725;640;650;770;765;930;0;3157;26;11;2018;R;42;5820;3016;E0:85:C6:A8:ED:F2
10:29:28.941;138;212858;1590;29930;140;0;180;1590;80;0;170;1590;96;0;180;1590;78;0;480;1590;115;90;650;1590;20;420;560;1590;106;10;590;1590;825;180;598;320;680;540;0;3158;26;11;2018;R;42;5820;3016;E0:85:C6:A8:ED:F2
10:29:30.940;139;215138;880;32210;82;0;30;830;47;0;30;820;48;0;20;820;29;0;20;600;180;10;430;880;55;10;250;880;236;0;260;880;517;30;304;60;780;270;0;3159;26;11;2018;R;42;5820;3016;E0:85:C6:A8:ED:F2
10:29:33.019;140;216818;1590;33890;114;680;1590;1590;35;690;810;1590;109;690;1590;1590;97;240;1130;1590;72;240;970;1590;69;550;810;1490;258;0;800;1490;760;1590;655;1270;1095;810;0;3160;26;11;2018;R;42;5820;3016;E0:85:C6:A8:ED:F2
10:29:34.677;141;219158;1010;36230;130;10;180;990;73;20;180;920;75;20;170;990;107;30;510;990;111;10;860;1010;26;90;850;1000;111;0;220;1010;890;220;565;690;730;790;0;3161;26;11;2018;R;42;5820;3012;E0:85:C6:A8:ED:F2
10:29:36.654;142;220898;1030;37970;121;0;290;800;69;10;300;850;58;10;150;960;35;10;630;820;188;20;630;1030;68;30;420;1030;276;10;450;1030;675;150;616;200;920;410;0;3162;26;11;2018;R;42;5820;3012;E0:85:C6:A8:ED:F2
10:29:38.972;143;222918;1540;39990;107;270;1110;1540;62;270;1110;1490;67;270;1060;1510;95;270;840;1540;87;520;1540;1540;22;530;1540;1540;99;0;1540;1540;785;760;607;1440;670;1540;0;3163;26;11;2018;R;42;5820;3012;E0:85:C6:A8:ED:F2
10:29:40.933;144;225098;1110;1210;46;10;120;1020;26;80;120;220;40;10;120;230;63;40;140;850;125;0;220;950;62;90;710;1030;304;0;690;1110;770;140;610;230;955;680;0;3164;26;11;2018;R;42;5820;3012;E0:85:C6:A8:ED:F2
10:29:42.161;145;226678;960;2790;148;10;150;960;89;10;150;960;73;20;60;960;28;20;50;940;48;20;360;940;100;30;680;950;340;0;680;960;985;160;690;520;1030;670;0;3165;26;11;2018;R;42;5820;3012;E0:85:C6:A8:ED:F2
10:29:43.378;146;228008;850;4120;98;0;20;850;57;0;20;850;60;0;20;850;29;0;140;830;111;10;700;850;74;10;420;850;288;0;410;850;670;30;415;70;810;410;0;3166;26;11;2018;R;42;5820;3012;E0:85:C6:A8:ED:F2
10:29:44.696;147;229508;560;5620;0;0;0;0;0;0;0;0;0;0;0;0;0;0;0;0;0;0;0;0;15;410;490;560;29;0;200;410;0;0;0;0;56;200;0;3167;26;11;2018;R;42;5820;3012;E0:85:C6:A8:ED:F2
10:29:46.741;148;230568;1650;6680;85;20;550;1630;55;20;540;1550;52;20;910;1620;88;0;910;1620;74;630;1650;1650;40;240;540;1610;95;240;580;1650;685;900;0;0;616;630;0;3168;26;11;2018;R;42;5820;3012;E0:85:C6:A8:ED:F2
10:29:48.535;149;232568;680;8680;150;10;540;680;64;20;530;680;114;10;540;680;107;0;220;680;40;70;220;660;17;40;170;490;38;30;160;630;815;530;715;340;795;210;0;3169;26;11;2018;R;42;5820;3008;E0:85:C6:A8:ED:F2
10:29:49.768;150;233878;1050;9990;130;0;470;1020;76;0;470;940;94;0;460;1020;75;0;240;970;105;10;880;1050;39;670;840;1040;226;70;860;1050;815;200;730;590;880;850;0;3170;26;11;2018;R;42;5820;3008;E0:85:C6:A8:ED:F2
10:29:51.014;151;235428;840;11540;98;0;570;820;23;20;570;820;88;0;570;820;52;0;50;810;91;10;730;840;35;680;740;840;130;60;740;840;448;570;0;0;645;720;0;3171;26;11;2018;R;42;5820;3008;E0:85:C6:A8:ED:F2
10:29:52.709;152;236618;1560;12730;119;0;50;1550;28;10;50;1550;118;10;50;1550;79;20;460;1030;228;20;680;1540;24;750;890;1560;64;90;890;1560;670;50;412;90;705;660;0;3172;26;11;2018;R;42;5820;3008;E0:85:C6:A8:ED:F2
10:29:54.792;153;238538;1160;14650;86;0;200;1160;54;0;200;1160;52;0;1010;1160;111;0;1000;1160;94;50;930;1160;46;10;300;1090;150;20;320;1120;805;270;730;500;1040;980;0;3173;26;11;2018;R;42;5820;3008;E0:85:C6:A8:ED:F2
10:29:55.974;154;240238;990;16350;166;0;290;990;82;10;310;940;107;0;220;950;52;20;60;860;29;20;130;960;63;250;760;970;256;100;770;990;795;250;616;530;810;660;0;3174;26;11;2018;R;42;5820;3008;E0:85:C6:A8:ED:F2
10:29:57.455;155;241668;1240;17780;85;0;150;1240;57;0;150;1240;40;0;110;1240;20;0;120;1240;21;10;140;1230;75;10;360;1240;262;0;400;1240;352;150;0;0;810;350;0;3175;26;11;2018;R;42;5820;3008;E0:85:C6:A8:ED:F2
10:30:02.021;156;246008;920;22120;132;0;170;900;77;10;170;860;80;10;170;890;48;10;520;800;99;20;720;920;27;90;710;920;210;0;720;920;860;200;680;360;800;710;0;3176;26;11;2018;R;42;5820;3008;E0:85:C6:A8:ED:F2
10:30:02.829;157;247408;870;23520;170;0;50;870;105;0;50;830;84;0;40;740;38;10;40;830;34;10;610;860;56;30;700;870;264;10;700;870;910;50;710;90;970;630;0;3177;26;11;2018;R;42;5820;3012;E0:85:C6:A8:ED:F2
